1 1993-08-08 38 17 47 25 30 37
2 1993-08-15 6 7 30 17 2 42
3 1993-08-22 44 20 17 3 38 45
4 1993-08-29 42 30 36 5 4 6
5 1993-09-05 5 14 7 49 35 19
6 1993-09-12 42 28 41 15 22 38
7 1993-09-19 18 4 16 35 2 17
8 1993-10-03 44 48 34 37 4 41
9 1993-10-17 13 7 6 45 29 25
10 1993-10-24 8 22 43 14 34 15
11 1993-10-31 14 17 47 19 36 12
12 1993-11-14 48 20 6 43 4 35
13 1993-11-28 37 36 17 35 15 8
14 1993-12-12 12 33 41 7 34 43
15 1993-12-19 49 15 46 25 12 32
16 1994-01-16 7 20 27 46 2 33
17 1994-01-23 39 5 6 19 20 2
18 1994-01-30 14 47 40 26 24 36
19 1994-02-06 45 10 18 43 35 11
20 1994-02-13 38 29 49 47 8 3
21 1994-02-20 16 42 33 4 38 7
22 1994-03-13 22 39 35 29 44 46
23 1994-03-20 34 9 10 19 2 47
24 1994-03-27 11 8 25 13 3 38
25 1994-04-02 38 49 36 20 19 5
26 1994-04-10 49 42 11 45 9 23
27 1994-04-17 23 46 1 35 2 22
28 1994-04-24 10 41 29 25 18 8
29 1994-05-01 19 7 16 18 6 49
30 1994-05-08 15 44 32 21 49 10
31 1994-05-15 29 32 38 24 11 15
32 1994-05-22 10 18 23 40 35 33
33 1994-05-29 37 10 44 27 47 48
34 1994-06-05 34 7 49 14 47 44
35 1994-06-12 43 49 4 36 24 26
36 1994-06-19 46 27 6 31 2 11
37 1994-06-26 27 14 3 43 22 42
38 1994-07-03 47 38 36 19 5 35
39 1994-07-10 41 4 39 13 24 33
40 1994-07-17 18 29 17 48 47 34
41 1994-07-24 33 29 31 23 41 6
42 1994-07-31 29 17 11 14 28 39
43 1994-08-07 35 16 8 47 46 36
44 1994-08-14 36 21 5 47 40 33
45 1994-08-21 25 31 46 39 1 22
46 1994-08-28 20 45 32 23 18 19
47 1994-09-04 29 27 44 43 30 46
48 1994-09-11 28 26 48 37 44 1
49 1994-09-18 1 15 9 45 44 14
50 1994-09-25 41 7 48 3 11 16
51 1994-10-02 5 8 48 2 28 25
52 1994-10-09 49 39 9 42 37 13
53 1994-10-16 10 7 45 2 8 20
54 1994-10-23 48 38 15 45 12 42
55 1994-10-30 4 33 17 45 13 39
56 1994-11-06 16 11 12 14 15 38
57 1994-11-13 28 45 2 7 19 43
58 1994-11-20 25 23 41 40 27 34
59 1994-11-27 18 44 1 43 40 9
60 1994-12-04 3 31 1 28 15 12
61 1994-12-11 38 13 31 28 19 23
62 1994-12-18 49 31 10 43 37 12
63 1995-01-02 25 18 42 36 43 12
64 1995-01-15 20 44 18 48 19 28
65 1995-01-22 41 8 37 22 6 5
66 1995-01-29 41 36 18 23 27 10
67 1995-02-05 38 12 1 2 44 41
68 1995-02-12 1 31 16 4 33 18
69 1995-02-19 23 5 42 18 15 12
70 1995-03-01 12 49 23 18 5 28
71 1995-03-05 39 46 35 43 17 16
72 1995-03-12 36 37 24 48 10 5
73 1995-03-19 13 25 16 14 49 37
74 1995-03-26 4 35 39 22 11 46
75 1995-04-02 19 5 24 9 36 40
76 1995-04-09 3 22 13 5 35 6
77 1995-04-16 16 30 11 4 19 46
78 1995-04-23 34 28 48 32 4 20
79 1995-04-30 30 46 39 19 35 48
80 1995-05-07 36 4 12 20 7 39
81 1995-05-14 32 14 44 34 21 24
82 1995-05-21 29 43 24 8 17 18
83 1995-05-28 13 33 16 1 30 36
84 1995-06-04 42 35 5 26 37 25
85 1995-06-11 36 15 43 19 16 32
86 1995-06-18 38 34 9 24 25 36
87 1995-06-25 20 30 48 29 16 36
88 1995-07-02 43 47 34 4 8 48
89 1995-07-09 45 28 43 40 32 29
90 1995-07-16 31 26 16 10 23 43
91 1995-07-23 27 31 24 40 7 19
92 1995-07-30 32 25 21 6 27 14
93 1995-08-06 16 9 46 41 1 37
94 1995-08-13 24 33 25 44 42 28
95 1995-08-20 28 2 30 16 29 10
96 1995-08-27 45 40 16 6 32 38
97 1995-09-03 28 35 41 34 20 25
98 1995-09-10 10 17 28 32 27 35
99 1995-09-17 22 6 19 3 31 15
100 1995-09-24 31 7 9 40 26 14
101 1995-10-01 13 6 21 41 19 15
102 1995-10-08 45 28 2 34 26 7
103 1995-10-15 39 3 26 38 11 20
104 1995-10-22 28 2 43 47 12 19
105 1995-10-29 8 42 17 12 32 43
106 1995-11-05 10 12 36 42 18 1
107 1995-11-12 21 18 15 35 11 7
108 1995-11-19 21 1 9 16 37 42
109 1995-11-26 18 45 17 23 9 39
110 1995-12-03 39 46 40 41 9 23
111 1995-12-10 41 7 36 33 6 14
112 1995-12-17 5 14 10 9 3 15
113 1996-01-02 28 14 24 20 37 33
114 1996-01-14 4 32 2 20 7 35
115 1996-01-21 12 14 27 5 19 42
116 1996-01-28 7 38 43 18 5 12
117 1996-02-04 11 19 46 20 12 29
118 1996-02-11 30 16 5 22 15 21
119 1996-02-18 37 47 14 6 38 45
120 1996-02-25 19 10 45 17 47 23
121 1996-03-03 28 48 21 35 16 33
122 1996-03-10 45 18 12 25 9 22
123 1996-03-17 22 32 13 46 5 10
124 1996-03-24 40 34 7 46 41 27
125 1996-03-31 27 17 40 48 30 44
126 1996-04-07 25 38 3 9 46 47
127 1996-04-14 21 38 36 31 15 11
128 1996-04-21 5 25 42 46 26 15
129 1996-04-28 25 10 18 8 31 44
130 1996-05-05 4 14 13 32 35 19
131 1996-05-12 11 16 22 35 20 23
132 1996-05-19 14 38 34 49 37 42
133 1996-05-26 10 29 21 19 31 26
134 1996-06-02 44 23 49 43 15 16
135 1996-06-09 1 35 27 9 14 36
136 1996-06-16 49 40 23 16 26 24
137 1996-06-23 15 22 19 2 29 31
138 1996-06-30 33 14 41 2 46 21
139 1996-07-07 41 8 9 12 2 44
140 1996-07-14 27 6 9 13 43 18
141 1996-07-21 36 10 37 16 23 46
142 1996-07-28 39 32 25 17 9 42
143 1996-08-04 8 40 48 15 17 14
144 1996-08-11 14 46 16 49 17 1
145 1996-08-18 29 28 1 5 48 47
146 1996-08-25 44 1 25 20 46 34
147 1996-09-01 36 13 19 15 11 3
148 1996-09-08 20 39 30 1 32 2
149 1996-09-15 20 5 1 8 36 7
150 1996-09-22 18 4 3 37 35 25
151 1996-09-29 28 4 8 29 32 20
152 1996-10-06 36 13 47 27 44 7
153 1996-10-13 27 23 31 34 17 25
154 1996-10-20 7 2 43 42 13 5
155 1996-10-27 40 20 17 39 34 9
156 1996-11-03 16 48 49 45 34 15
157 1996-11-10 34 22 24 12 10 37
158 1996-11-17 23 32 46 6 27 14
159 1996-11-24 3 15 13 35 36 5
160 1996-12-01 21 45 5 7 37 48
161 1996-12-08 47 20 3 16 33 35
162 1996-12-15 31 15 38 46 23 10
163 1996-12-22 35 48 49 23 14 29
164 1997-01-02 26 25 23 5 13 35
165 1997-01-12 2 24 20 18 10 29
166 1997-01-19 9 43 42 33 12 23
167 1997-01-26 24 27 23 33 18 29
168 1997-02-02 17 11 1 20 13 23
169 1997-02-09 7 48 43 4 17 45
170 1997-02-16 18 17 28 8 20 5
171 1997-02-23 39 18 33 15 20 23
172 1997-03-02 42 36 6 10 17 16
173 1997-03-09 29 27 37 38 1 12
174 1997-03-16 12 9 23 46 19 37
175 1997-03-23 5 13 33 37 16 22
176 1997-03-30 5 11 28 18 39 27
177 1997-04-06 5 49 22 8 24 16
178 1997-04-13 1 41 6 25 31 14
179 1997-04-20 25 3 8 24 2 27
180 1997-04-29 1 13 45 20 21 12
181 1997-05-04 43 33 42 46 17 7
182 1997-05-11 31 45 16 29 32 28
183 1997-05-18 20 26 42 36 49 9
184 1997-05-25 14 15 11 46 41 16
185 1997-06-01 19 23 32 18 36 15
186 1997-06-08 26 37 30 27 23 39
187 1997-06-15 45 17 14 29 39 27
188 1997-06-22 46 43 9 40 4 34
189 1997-06-29 38 35 48 9 34 37
190 1997-07-06 23 16 17 9 15 26
191 1997-07-13 33 32 9 1 42 3
192 1997-07-20 14 28 10 24 2 11
193 1997-07-27 4 44 20 10 7 11
194 1997-08-03 24 42 2 30 26 28
195 1997-08-10 2 48 9 34 42 8
196 1997-08-17 46 37 3 43 34 30
197 1997-08-24 46 13 48 29 39 3
198 1997-08-31 38 49 22 34 46 14
199 1997-09-07 19 46 13 9 15 14
200 1997-09-14 40 21 47 2 31 45
201 1997-09-21 20 26 43 17 41 38
202 1997-09-28 43 17 22 20 34 23
203 1997-10-05 25 19 12 45 49 5
204 1997-10-12 48 1 43 32 26 24
205 1997-10-19 41 42 13 4 3 49
206 1997-10-26 26 10 4 36 25 46
207 1997-11-02 30 1 46 28 48 45
208 1997-11-09 30 3 37 5 20 2
209 1997-11-16 31 22 29 13 15 21
210 1997-11-23 38 6 34 35 15 46
211 1997-11-30 30 1 42 3 18 49
212 1997-12-07 4 16 39 29 45 11
213 1997-12-14 27 42 31 6 9 21
214 1997-12-21 24 12 46 6 26 27
215 1998-01-04 17 23 5 35 34 24
216 1998-01-11 27 32 20 28 29 12
217 1998-01-18 16 33 21 8 23 43
218 1998-01-25 26 46 1 27 30 13
219 1998-02-01 23 10 48 44 19 18
220 1998-02-08 42 2 4 21 1 29
221 1998-02-15 5 33 36 31 39 46
222 1998-02-22 24 35 23 7 15 38
223 1998-03-01 17 34 11 2 45 30
224 1998-03-08 33 14 49 46 36 45
225 1998-03-15 49 35 33 24 36 43
226 1998-03-22 4 48 27 26 30 44
227 1998-03-29 39 13 23 4 8 29
228 1998-04-05 8 7 18 25 41 12
229 1998-04-12 47 11 25 15 40 7
230 1998-04-21 9 26 43 5 7 24
231 1998-04-26 22 1 45 34 15 26
232 1998-05-03 33 22 49 31 35 10
233 1998-05-10 43 40 48 5 11 29
234 1998-05-17 21 44 13 5 9 41
235 1998-05-24 20 8 43 46 48 26
236 1998-05-31 11 33 46 15 4 44
237 1998-06-07 44 32 45 21 31 37
238 1998-06-14 33 43 5 29 47 21
239 1998-06-21 16 5 17 13 4 28
240 1998-06-28 48 30 15 22 5 35
241 1998-07-05 21 43 17 14 12 11
242 1998-07-12 16 22 13 20 6 1
243 1998-07-19 9 18 11 49 21 29
244 1998-07-26 28 5 8 17 13 24
245 1998-08-02 39 29 15 33 23 7
246 1998-08-09 47 29 36 42 25 20
247 1998-08-16 34 25 3 43 33 6
248 1998-08-23 15 23 21 29 44 6
249 1998-08-30 49 18 30 10 22 27
250 1998-09-06 15 27 35 17 7 44
251 1998-09-13 22 44 42 10 14 49
252 1998-09-20 20 3 9 39 24 11
253 1998-09-27 18 3 26 16 13 5
254 1998-10-04 40 45 24 33 13 9
255 1998-10-11 13 18 32 38 46 26
256 1998-10-18 22 13 42 36 26 38
257 1998-10-25 31 43 44 13 32 16
258 1998-11-01 6 19 36 25 2 32
259 1998-11-08 7 48 17 26 10 15
260 1998-11-15 13 34 39 28 15 37
261 1998-11-22 12 37 4 30 46 36
262 1998-11-29 30 22 19 34 32 15
263 1998-12-06 25 16 27 33 26 22
264 1998-12-13 28 8 43 31 18 24
265 1998-12-20 19 36 48 23 41 29
266 1999-01-03 13 12 18 38 25 33
267 1999-01-10 11 36 41 38 43 18
268 1999-01-17 12 45 25 18 30 21
269 1999-01-24 37 10 35 41 20 43
270 1999-01-31 23 28 36 3 2 38
271 1999-02-07 37 43 38 36 40 20
272 1999-02-14 35 17 48 45 36 1
273 1999-02-21 38 40 43 33 32 29
274 1999-02-28 10 15 3 43 37 28
275 1999-03-07 13 26 45 2 11 31
276 1999-03-14 48 24 29 23 7 32
277 1999-03-21 47 9 41 2 30 10
278 1999-03-28 30 17 49 27 3 5
279 1999-04-04 11 31 35 18 7 22
280 1999-04-13 17 26 1 29 6 10
281 1999-04-18 49 29 45 31 39 26
282 1999-04-25 8 42 6 47 2 20
283 1999-05-02 3 24 27 29 26 23
284 1999-05-09 24 2 13 30 26 27
285 1999-05-16 36 33 26 3 10 14
286 1999-05-23 26 33 38 30 3 23
287 1999-05-30 44 20 25 16 31 24
288 1999-06-06 23 17 9 44 11 31
289 1999-06-13 49 26 24 19 11 15
290 1999-06-20 18 6 32 30 24 40
291 1999-06-27 49 27 26 41 16 31
292 1999-07-04 12 13 15 38 43 34
293 1999-07-11 24 8 10 13 28 44
294 1999-07-18 14 20 24 9 4 39
295 1999-07-25 16 20 39 49 28 22
296 1999-08-01 48 25 2 22 31 43
297 1999-08-08 21 34 18 32 35 10
298 1999-08-15 30 27 9 40 44 7
299 1999-08-22 49 16 6 43 36 9
300 1999-08-29 14 23 22 30 6 15
301 1999-09-05 12 46 49 47 35 45
302 1999-09-12 46 17 8 26 15 23
303 1999-09-19 33 37 19 47 22 26
304 1999-09-26 49 46 26 12 22 39
305 1999-10-03 13 19 33 42 3 28
306 1999-10-10 18 24 17 46 41 12
307 1999-10-17 45 48 33 5 9 15
308 1999-10-24 35 47 6 20 5 45
309 1999-10-31 27 38 34 11 5 47
310 1999-11-07 36 40 8 33 5 49
311 1999-11-14 25 47 43 6 18 20
312 1999-11-21 6 23 2 43 13 40
313 1999-11-28 31 10 39 11 35 29
314 1999-12-05 18 38 41 33 6 7
315 1999-12-12 39 38 26 24 18 16
316 1999-12-19 31 37 32 38 22 13
317 1999-12-26 12 32 4 30 41 33
318 2000-01-02 13 8 15 2 1 37
319 2000-01-09 33 29 39 17 41 13
320 2000-01-16 16 7 22 13 1 6
321 2000-01-23 46 41 17 6 29 2
322 2000-01-30 14 4 13 34 12 40
323 2000-02-06 8 12 42 6 20 29
324 2000-02-13 2 47 23 48 33 8
325 2000-02-20 23 44 6 5 45 11
326 2000-02-27 23 12 36 38 41 17
327 2000-03-05 8 48 28 23 7 17
328 2000-03-12 36 49 16 2 47 19
329 2000-03-19 23 37 42 47 21 48
330 2000-03-26 30 11 23 1 6 43
331 2000-04-02 5 10 25 18 35 27
332 2000-04-09 3 31 22 35 40 18
333 2000-04-16 43 34 7 30 28 3
334 2000-04-23 3 20 45 42 11 31
335 2000-04-30 19 30 33 31 1 41
336 2000-05-07 30 37 33 34 29 16
337 2000-05-14 5 4 27 3 41 37
338 2000-05-21 25 28 39 40 17 37
339 2000-05-28 12 6 46 37 47 17
340 2000-06-04 49 23 13 10 8 38
341 2000-06-11 45 7 36 24 21 25
342 2000-06-18 48 9 32 20 17 6
343 2000-06-25 4 3 13 31 34 49
344 2000-07-02 29 43 36 4 30 47
345 2000-07-09 11 16 27 3 45 4
346 2000-07-16 11 40 47 22 9 48
347 2000-07-23 4 23 20 2 14 43
348 2000-07-30 45 23 16 35 24 1
349 2000-08-06 12 18 29 49 9 11
350 2000-08-13 35 47 26 16 18 48
351 2000-08-20 34 35 25 2 8 10
352 2000-08-27 1 36 38 29 15 21
353 2000-09-03 33 22 3 2 34 11
354 2000-09-10 17 29 14 46 11 23
355 2000-09-17 4 12 47 26 11 17
356 2000-09-24 20 18 10 38 22 41
357 2000-10-01 15 33 23 9 47 24
358 2000-10-08 30 25 1 5 18 9
359 2000-10-15 13 4 11 8 9 27
360 2000-10-22 15 14 36 21 11 9
361 2000-10-29 44 9 7 34 33 29
362 2000-11-05 23 32 37 27 46 39
363 2000-11-12 37 20 21 32 6 44
364 2000-11-19 3 46 26 36 17 10
365 2000-11-26 46 36 47 6 25 38
366 2000-12-03 31 47 29 40 7 5
367 2000-12-10 17 36 45 47 19 10
368 2000-12-17 27 21 31 4 19 35
369 2000-12-24 13 16 34 15 17 9
370 2001-01-02 16 46 18 15 25 31
371 2001-01-07 18 47 45 20 9 39
372 2001-01-14 30 7 2 32 49 12
373 2001-01-21 40 14 13 26 19 32
374 2001-01-28 7 11 20 10 32 21
375 2001-02-04 14 24 39 21 36 43
376 2001-02-11 39 15 20 16 21 19
377 2001-02-18 34 6 32 29 4 19
378 2001-02-25 32 4 1 40 38 25
379 2001-03-04 8 38 27 16 19 40
380 2001-03-11 42 7 14 15 21 12
381 2001-03-18 22 36 2 41 1 9
382 2001-03-25 9 26 7 39 18 15
383 2001-04-01 43 32 30 16 48 15
384 2001-04-08 43 44 36 23 34 21
385 2001-04-15 5 6 9 44 8 34
386 2001-04-22 6 36 14 18 19 21
387 2001-04-29 46 38 12 41 30 10
388 2001-05-06 34 17 44 13 47 12
389 2001-05-13 24 33 3 37 26 32
390 2001-05-20 3 41 47 14 23 8
391 2001-05-27 19 47 28 38 29 9
392 2001-06-03 10 3 9 39 12 14
393 2001-06-10 19 22 16 17 42 33
394 2001-06-17 12 24 28 44 17 39
395 2001-06-24 43 44 48 3 46 41
396 2001-07-01 49 17 41 13 27 8
397 2001-07-08 18 42 8 23 21 22
398 2001-07-15 1 42 36 29 25 30
399 2001-07-22 30 40 42 22 19 13
400 2001-07-29 12 2 47 23 34 32
401 2001-08-05 30 43 22 13 49 32
402 2001-08-12 45 26 47 22 18 17
403 2001-08-19 34 41 33 47 23 35
404 2001-08-26 27 16 10 21 22 38
405 2001-09-02 2 1 13 42 25 3
406 2001-09-09 6 8 40 41 43 9
407 2001-09-16 26 23 29 41 15 39
408 2001-09-23 28 33 18 16 45 9
409 2001-09-30 35 47 40 37 15 39
410 2001-10-07 18 15 33 41 49 46
411 2001-10-14 31 45 44 27 20 42
412 2001-10-21 44 45 29 1 37 21
413 2001-10-28 41 18 33 39 35 28
414 2001-11-04 4 23 32 10 30 13
415 2001-11-11 2 37 1 33 40 23
416 2001-11-18 16 21 23 25 15 3
417 2001-11-25 39 22 49 33 40 30
418 2001-12-02 43 25 16 30 32 27
419 2001-12-09 46 4 24 22 2 40
420 2001-12-16 23 34 48 42 33 19
421 2001-12-23 29 40 8 2 22 1
422 2002-01-02 14 18 29 47 28 6
423 2002-01-06 26 39 6 25 14 16
424 2002-01-13 10 31 33 43 45 41
425 2002-01-20 24 29 35 5 43 30
426 2002-01-27 13 49 47 15 5 35
427 2002-02-03 4 30 39 14 20 42
428 2002-02-10 43 32 39 42 36 14
429 2002-02-17 22 36 47 34 16 3
430 2002-02-24 32 6 17 36 30 27
431 2002-03-03 38 49 48 32 26 24
432 2002-03-10 11 27 41 14 7 22
433 2002-03-17 5 34 47 45 9 1
434 2002-03-24 44 10 21 37 36 24
435 2002-03-31 24 47 32 33 44 22
436 2002-04-07 47 13 4 44 39 29
437 2002-04-14 14 48 5 9 11 34
438 2002-04-21 22 21 25 2 1 49
439 2002-04-28 38 3 6 12 43 40
440 2002-05-05 7 35 48 47 40 17
441 2002-05-12 44 45 36 32 33 28
442 2002-05-19 1 42 7 4 9 10
443 2002-05-26 47 19 38 1 48 21
444 2002-06-02 2 27 19 6 10 30
445 2002-06-09 31 25 29 10 20 24
446 2002-06-16 33 45 22 39 14 27
447 2002-06-23 41 47 12 5 31 18
448 2002-06-30 34 27 33 48 41 49
449 2002-07-07 6 36 1 18 34 33
450 2002-07-14 29 5 21 6 10 38
451 2002-07-21 41 5 28 39 47 9
452 2002-07-28 1 20 36 11 3 28
453 2002-08-04 29 21 14 32 46 23
454 2002-08-11 6 48 9 12 36 10
455 2002-08-18 44 28 47 15 7 38
456 2002-08-25 19 18 28 8 22 31
457 2002-09-01 4 16 37 20 1 43
458 2002-09-08 31 48 45 47 6 17
459 2002-09-15 36 15 14 8 38 12
460 2002-09-22 33 7 43 29 13 37
461 2002-09-29 21 14 3 44 4 24
462 2002-10-06 27 35 7 20 6 24
463 2002-10-13 48 38 25 6 37 22
464 2002-10-20 15 30 44 17 5 48
465 2002-10-27 38 15 44 13 11 41
466 2002-11-03 27 46 11 17 49 21
467 2002-11-10 24 22 9 47 8 38
468 2002-11-17 6 44 27 29 24 47
469 2002-11-24 27 24 7 17 34 4
470 2002-12-01 30 24 32 37 16 3
471 2002-12-08 8 2 5 14 10 25
472 2002-12-15 15 32 11 38 18 41
473 2002-12-22 6 47 44 11 22 8
474 2002-12-31 8 42 32 41 16 3
475 2003-01-12 38 8 23 24 27 1
476 2003-01-19 45 2 30 24 23 28
477 2003-01-26 38 36 16 26 18 41
478 2003-02-02 35 26 49 45 40 22
479 2003-02-09 31 6 37 18 10 16
480 2003-02-16 7 26 47 48 24 33
481 2003-02-23 12 19 23 37 42 14
482 2003-03-02 9 18 46 6 10 28
483 2003-03-09 20 38 15 33 30 8
484 2003-03-16 33 28 13 31 45 18
485 2003-03-23 43 14 19 31 15 18
486 2003-03-30 29 31 46 3 2 21
487 2003-04-06 29 28 7 12 43 40
488 2003-04-13 39 12 5 19 41 38
489 2003-04-20 2 38 23 48 8 12
490 2003-04-27 26 45 13 39 35 11
491 2003-05-04 10 48 32 47 13 44
492 2003-05-11 8 13 14 9 22 21
493 2003-05-18 15 2 8 9 44 36
494 2003-05-25 2 20 29 47 4 12
495 2003-06-01 29 33 16 14 1 48
496 2003-06-08 14 30 13 38 39 9
497 2003-06-15 17 41 44 34 30 24
498 2003-06-22 14 37 46 38 27 10
499 2003-06-29 12 15 18 33 45 40
500 2003-07-06 36 25 20 12 48 43
501 2003-07-13 45 15 20 22 41 25
502 2003-07-20 5 4 24 34 9 8
503 2003-07-27 33 30 2 23 32 17
504 2003-08-03 48 1 14 17 12 44
505 2003-08-10 14 49 47 6 24 39
506 2003-08-17 30 23 15 9 5 48
507 2003-08-24 7 5 4 40 48 28
508 2003-08-31 29 24 40 38 17 33
509 2003-09-07 47 2 5 1 45 15
510 2003-09-14 36 9 4 41 28 13
511 2003-09-21 46 14 16 2 22 19
512 2003-09-28 46 49 1 17 42 23
513 2003-10-05 27 42 3 13 46 38
514 2003-10-12 43 28 9 24 2 18
515 2003-10-19 16 13 24 43 26 4
516 2003-10-26 14 48 20 37 38 5
517 2003-11-02 6 40 46 45 30 29
518 2003-11-09 40 18 46 22 41 45
519 2003-11-16 18 2 3 33 27 21
520 2003-11-23 19 17 27 3 31 15
521 2003-11-30 4 32 9 29 11 10
522 2003-12-07 12 45 42 27 23 20
523 2003-12-14 27 42 44 24 41 2
524 2003-12-21 36 17 8 37 44 20
525 2004-01-04 3 2 35 45 37 31
526 2004-01-11 32 36 28 11 24 25
527 2004-01-18 34 12 11 26 42 13
528 2004-01-25 6 20 9 10 49 43
529 2004-02-01 14 42 37 40 31 6
530 2004-02-08 5 33 3 48 6 15
531 2004-02-15 38 6 31 33 8 7
532 2004-02-22 12 7 32 10 13 22
533 2004-02-29 23 10 13 17 30 20
534 2004-03-07 40 47 27 34 16 8
535 2004-03-14 26 21 41 36 44 12
536 2004-03-21 34 3 39 4 27 37
537 2004-03-28 17 10 46 11 13 19
538 2004-04-04 38 45 5 15 24 1
539 2004-04-11 28 9 24 17 5 12
540 2004-04-18 35 12 42 44 14 40
541 2004-04-25 13 15 6 29 3 11
542 2004-05-02 31 39 32 6 49 46
543 2004-05-09 11 9 6 32 41 38
544 2004-05-16 33 8 43 24 7 36
545 2004-05-23 24 44 27 5 41 6
546 2004-05-30 23 19 36 21 37 38
547 2004-06-06 30 1 7 20 28 29
548 2004-06-13 10 23 37 12 14 9
549 2004-06-20 3 49 48 27 28 2
550 2004-06-27 37 13 32 31 49 29
551 2004-07-04 36 4 12 17 8 5
552 2004-07-11 18 17 36 5 11 23
553 2004-07-18 32 3 46 36 27 13
554 2004-07-25 30 26 44 5 14 8
555 2004-08-01 27 49 32 6 48 25
556 2004-08-08 9 44 19 37 25 2
557 2004-08-15 43 13 32 31 22 1
558 2004-08-22 20 9 12 41 27 42
559 2004-08-29 40 32 23 30 49 1
560 2004-09-05 16 28 4 26 1 34
561 2004-09-12 48 20 49 2 3 19
562 2004-09-19 27 43 42 1 3 28
563 2004-09-26 8 36 37 11 29 48
564 2004-10-03 42 29 6 13 44 22
565 2004-10-10 28 10 46 40 25 24
566 2004-10-17 44 14 10 3 22 16
567 2004-10-24 17 19 44 23 26 16
568 2004-10-31 29 7 46 12 6 11
569 2004-11-07 31 37 17 49 29 43
570 2004-11-14 33 29 40 21 16 11
571 2004-11-21 4 30 2 49 34 32
572 2004-11-28 30 45 24 26 36 19
573 2004-12-05 15 11 23 22 26 12
574 2004-12-12 29 14 43 7 36 4
575 2004-12-19 28 16 15 26 44 36
576 2005-01-02 4 35 34 1 30 9
577 2005-01-09 11 6 17 3 49 31
578 2005-01-16 30 19 48 42 17 13
579 2005-01-23 29 12 21 46 33 5
580 2005-01-30 3 34 5 39 21 16
581 2005-02-06 29 20 26 25 24 48
582 2005-02-13 41 46 36 14 17 21
583 2005-02-20 46 21 39 2 24 30
584 2005-02-27 12 47 33 4 41 3
585 2005-03-06 13 24 15 36 10 32
586 2005-03-13 19 47 22 20 30 48
587 2005-03-20 37 3 17 32 31 26
588 2005-03-27 14 16 18 7 35 38
589 2005-04-03 14 29 24 15 3 22
590 2005-04-10 9 14 34 44 37 8
591 2005-04-17 36 4 27 1 39 43
592 2005-04-24 35 33 32 47 11 29
593 2005-05-01 3 44 33 12 26 43
594 2005-05-08 45 15 47 41 28 7
595 2005-05-15 48 14 41 20 24 17
596 2005-05-22 48 17 39 43 10 29
597 2005-05-29 21 31 34 32 47 4
598 2005-06-05 42 11 17 44 22 3
599 2005-06-12 4 20 45 30 38 19
600 2005-06-19 14 49 26 31 36 38
601 2005-06-26 44 30 23 39 29 34
602 2005-07-03 41 15 44 3 23 40
603 2005-07-10 39 2 48 12 20 37
604 2005-07-17 12 26 1 35 2 19
605 2005-07-24 45 26 8 1 19 42
606 2005-07-31 17 40 28 8 1 29
607 2005-08-07 15 48 12 13 10 11
608 2005-08-14 34 32 1 16 37 5
609 2005-08-21 9 28 23 21 16 27
610 2005-08-28 23 12 14 31 16 1
611 2005-09-04 13 27 34 29 15 24
612 2005-09-11 2 28 1 41 20 42
613 2005-09-18 12 29 6 11 40 36
614 2005-09-25 45 1 11 3 27 48
615 2005-10-02 11 46 7 26 8 27
616 2005-10-09 36 2 37 44 41 22
617 2005-10-16 36 15 43 7 38 41
618 2005-10-23 16 29 28 33 6 24
619 2005-10-30 43 13 29 30 23 18
620 2005-11-06 24 44 41 5 49 2
621 2005-11-13 35 17 18 44 26 39
622 2005-11-20 24 42 13 44 2 9
623 2005-11-27 35 49 33 8 3 20
624 2005-12-04 14 29 41 13 46 25
625 2005-12-11 20 10 4 49 22 7
626 2005-12-18 15 36 37 1 47 17
627 2006-01-01 15 41 35 17 7 20
628 2006-01-08 49 14 33 1 42 34
629 2006-01-15 13 24 43 28 22 29
630 2006-01-22 3 37 34 41 43 9
631 2006-01-29 12 25 49 18 11 6
632 2006-02-05 25 23 15 48 37 36
633 2006-02-12 35 43 20 18 39 25
634 2006-02-19 36 1 31 33 43 46
635 2006-02-26 43 25 49 32 18 33
636 2006-03-05 34 12 43 31 5 15
637 2006-03-12 31 42 46 30 14 44
638 2006-03-19 30 35 3 42 6 46
639 2006-03-26 15 27 19 18 11 16
640 2006-04-02 7 29 3 16 21 34
641 2006-04-09 34 49 18 17 41 45
642 2006-04-16 27 39 10 34 19 28
643 2006-04-23 18 43 30 39 31 20
644 2006-04-30 37 48 28 45 11 46
645 2006-05-07 8 28 41 48 26 44
646 2006-05-14 12 4 45 3 43 25
647 2006-05-21 34 48 29 36 13 1
648 2006-05-28 2 30 29 6 23 45
649 2006-06-04 27 10 19 42 46 12
650 2006-06-11 20 35 13 10 41 31
651 2006-06-18 4 13 2 8 24 11
652 2006-06-25 44 45 10 35 39 28
653 2006-07-02 39 40 41 38 30 5
654 2006-07-09 34 13 32 41 18 26
655 2006-07-16 1 25 36 22 10 11
656 2006-07-23 5 26 21 28 48 33
657 2006-07-30 40 47 8 6 29 37
658 2006-08-06 26 33 23 32 18 13
659 2006-08-13 2 45 20 48 21 12
660 2006-08-20 44 36 2 21 9 13
661 2006-08-27 16 26 31 40 37 33
662 2006-09-03 20 6 22 48 23 19
663 2006-09-10 20 34 1 13 30 38
664 2006-09-17 4 23 21 32 3 37
665 2006-09-24 29 13 36 22 16 47
666 2006-10-01 13 19 49 33 39 16
667 2006-10-08 24 34 16 18 41 2
668 2006-10-15 35 8 46 41 5 37
669 2006-10-22 1 35 47 20 25 46
670 2006-10-29 20 29 34 4 27 9
671 2006-11-05 25 47 42 43 29 5
672 2006-11-12 15 41 22 38 18 20
673 2006-11-19 3 41 35 26 34 21
674 2006-11-26 17 40 28 29 1 19
675 2006-12-03 2 4 3 12 29 20
676 2006-12-10 39 11 48 26 33 30
677 2006-12-17 46 19 16 48 12 3
678 2006-12-31 46 29 8 15 36 10
679 2007-01-07 31 41 37 10 46 25
680 2007-01-14 39 43 21 9 7 22
681 2007-01-21 27 30 47 20 48 10
682 2007-01-28 49 8 26 37 2 36
683 2007-02-04 28 6 33 8 42 20
684 2007-02-11 13 7 1 5 11 27
685 2007-02-18 5 38 35 48 32 15
686 2007-02-25 5 24 13 28 42 14
687 2007-03-04 15 41 29 45 17 22
688 2007-03-11 41 35 13 1 20 12
689 2007-03-18 5 21 18 45 30 42
690 2007-03-25 42 44 17 9 23 7
691 2007-04-01 44 49 43 19 10 21
692 2007-04-08 10 38 40 45 26 44
693 2007-04-15 35 28 6 12 15 27
694 2007-04-22 6 49 16 36 35 17
695 2007-04-29 31 28 36 48 15 39
696 2007-05-06 41 12 22 11 30 44
697 2007-05-13 16 1 44 26 4 19
698 2007-05-20 36 26 42 1 30 18
699 2007-05-27 17 13 21 40 25 42
700 2007-06-03 16 44 5 39 14 15
701 2007-06-10 48 22 18 20 34 3
702 2007-06-17 25 10 26 30 5 48
703 2007-06-24 28 18 11 24 31 39
704 2007-07-01 29 39 15 14 23 9
705 2007-07-08 8 41 46 12 4 17
706 2007-07-15 36 41 44 46 48 10
707 2007-07-22 24 47 46 30 9 23
708 2007-07-29 43 19 13 46 38 42
709 2007-08-05 44 4 38 28 37 35
710 2007-08-12 42 43 18 47 46 44
711 2007-08-19 46 34 45 3 19 30
712 2007-08-26 46 35 42 1 2 34
713 2007-09-02 45 43 44 9 11 31
714 2007-09-09 1 25 22 34 11 24
715 2007-09-16 34 25 41 43 9 5
716 2007-09-23 45 40 28 25 46 32
717 2007-09-30 25 41 39 42 20 23
718 2007-10-07 2 42 31 17 48 12
719 2007-10-14 30 43 32 24 17 33
720 2007-10-21 27 42 21 43 11 16
721 2007-10-28 47 10 15 12 44 23
722 2007-11-04 28 48 12 41 3 42
723 2007-11-11 26 2 47 48 5 18
724 2007-11-18 33 28 21 46 19 10
725 2007-11-25 15 31 40 21 33 8
726 2007-12-02 4 23 6 26 9 25
727 2007-12-09 14 38 46 45 15 20
728 2007-12-16 16 10 41 29 40 24
729 2007-12-30 4 15 42 14 12 40
730 2008-01-06 26 7 48 12 24 11
731 2008-01-13 33 35 23 12 19 25
732 2008-01-20 29 40 45 26 4 46
733 2008-01-27 36 6 47 24 20 2
734 2008-02-03 29 7 34 45 13 28
735 2008-02-10 25 9 27 47 2 12
736 2008-02-17 11 27 35 48 42 31
737 2008-02-24 32 47 42 29 26 9
738 2008-03-02 9 35 39 12 46 18
739 2008-03-09 21 45 29 15 26 27
740 2008-03-16 27 13 16 35 45 11
741 2008-03-23 23 1 30 6 20 46
742 2008-03-30 42 45 43 5 31 46
743 2008-04-06 5 19 25 47 45 38
744 2008-04-13 16 17 5 11 26 39
745 2008-04-20 20 10 38 24 5 19
746 2008-04-27 19 11 36 35 43 30
747 2008-05-04 35 4 30 26 47 3
748 2008-05-11 45 19 16 33 38 26
749 2008-05-18 28 30 9 22 41 4
750 2008-05-25 4 9 3 49 39 19
751 2008-06-01 22 10 31 6 23 8
752 2008-06-08 17 8 32 25 6 33
753 2008-06-15 32 26 5 34 19 3
754 2008-06-22 35 36 25 32 10 48
755 2008-06-29 41 6 17 21 12 35
756 2008-07-06 5 19 2 18 7 20
757 2008-07-13 13 12 3 31 2 37
758 2008-07-20 7 9 43 47 42 31
759 2008-07-27 9 20 33 38 41 4
760 2008-08-03 8 9 48 5 18 46
761 2008-08-10 7 9 37 35 8 46
762 2008-08-17 35 46 34 47 41 37
763 2008-08-24 3 22 21 15 10 41
764 2008-08-31 38 4 26 12 20 13
765 2008-09-07 27 18 2 1 39 45
766 2008-09-14 5 21 34 14 11 35
767 2008-09-21 38 22 14 37 19 23
768 2008-09-28 16 17 24 21 48 32
769 2008-10-05 13 25 8 21 37 44
770 2008-10-12 1 48 24 4 33 3
771 2008-10-19 34 13 33 29 7 49
772 2008-10-26 18 34 32 40 49 46
773 2008-11-02 6 8 37 27 39 5
774 2008-11-09 10 22 2 33 45 11
775 2008-11-16 12 30 36 14 4 45
776 2008-11-23 5 27 6 8 30 48
777 2008-11-30 36 14 4 13 1 29
778 2008-12-07 41 22 13 34 3 27
779 2008-12-14 49 34 7 8 33 16
780 2008-12-28 36 39 22 7 8 28
781 2009-01-11 21 30 11 1 22 46
782 2009-01-18 37 43 41 11 20 7
783 2009-01-25 14 29 39 5 4 23
784 2009-02-01 44 21 7 1 41 34
785 2009-02-08 33 6 25 5 31 49
786 2009-02-15 15 23 9 5 25 28
787 2009-02-22 3 9 20 39 15 46
788 2009-03-01 41 18 11 34 30 21
789 2009-03-08 48 20 26 24 1 9
790 2009-03-15 2 38 29 7 48 26
791 2009-03-22 14 47 21 27 39 45
792 2009-03-29 44 17 7 35 38 16
793 2009-04-05 37 15 22 8 36 2
794 2009-04-12 32 22 3 35 29 17
795 2009-04-19 38 28 1 2 36 42
796 2009-04-26 27 48 19 2 39 25
797 2009-05-03 25 38 34 6 4 15
798 2009-05-10 38 28 13 14 6 33
799 2009-05-17 11 24 46 30 38 19
800 2009-05-24 3 6 27 20 29 48
801 2009-05-31 12 28 36 24 38 22
802 2009-06-07 15 44 19 7 37 30
803 2009-06-14 3 10 24 48 13 47
804 2009-06-21 25 21 46 26 28 11
805 2009-06-28 31 10 16 33 38 8
806 2009-07-02 9 45 10 35 43 13
807 2009-07-05 44 39 18 2 41 22
808 2009-07-09 3 19 39 37 6 4
809 2009-07-12 25 4 6 20 22 44
810 2009-07-16 42 26 44 9 32 5
811 2009-07-19 49 27 42 13 21 15
812 2009-07-23 40 6 3 28 2 42
813 2009-07-26 36 28 41 27 24 43
814 2009-07-30 43 13 38 17 28 31
815 2009-08-02 30 13 46 38 8 33
816 2009-08-06 49 25 17 36 6 21
817 2009-08-09 11 20 45 7 26 4
818 2009-08-13 2 7 39 36 9 33
819 2009-08-16 44 7 5 47 23 36
820 2009-08-20 36 6 42 4 8 5
821 2009-08-23 16 5 18 11 4 9
822 2009-08-27 36 46 39 43 41 25
823 2009-08-30 28 46 45 48 30 19
824 2009-09-03 32 15 3 14 39 43
825 2009-09-06 2 48 30 44 26 18
826 2009-09-10 40 19 5 30 3 32
827 2009-09-13 43 1 33 44 34 31
828 2009-09-17 27 22 1 14 28 17
829 2009-09-20 41 43 16 6 22 48
830 2009-09-24 22 13 6 41 17 43
831 2009-09-27 3 46 5 2 1 22
832 2009-10-01 25 28 48 19 30 10
833 2009-10-04 45 32 1 7 23 44
834 2009-10-08 39 14 31 38 12 21
835 2009-10-11 10 48 9 3 27 22
836 2009-10-15 32 27 33 24 22 12
837 2009-10-18 37 26 15 49 6 10
838 2009-10-22 10 9 22 23 25 16
839 2009-10-25 12 30 39 31 7 46
840 2009-10-29 1 47 33 35 14 8
841 2009-11-01 7 35 25 37 31 15
842 2009-11-05 41 19 40 39 5 4
843 2009-11-08 36 15 8 23 13 43
844 2009-11-12 6 38 45 27 15 33
845 2009-11-15 43 41 37 13 29 47
846 2009-11-19 25 37 5 27 17 19
847 2009-11-22 4 34 49 23 40 48
848 2009-11-26 41 26 38 14 13 32
849 2009-11-29 32 43 4 46 12 35
850 2009-12-03 13 1 10 12 19 2
851 2009-12-06 4 6 13 41 2 44
852 2009-12-10 4 30 35 10 1 25
853 2009-12-13 9 41 37 36 39 49
854 2009-12-17 4 12 18 14 22 37
855 2009-12-20 47 4 28 39 43 16
856 2009-12-24 34 42 8 16 13 15
857 2009-12-31 27 22 35 10 48 23
858 2010-01-07 46 35 40 27 7 24
859 2010-01-10 21 17 45 46 18 1
860 2010-01-14 7 9 47 40 31 17
861 2010-01-17 37 12 38 14 23 22
862 2010-01-21 22 25 27 5 1 23
863 2010-01-24 27 13 34 36 25 48
864 2010-01-28 7 33 45 3 11 18
865 2010-01-31 37 9 35 1 42 29
866 2010-02-04 14 24 33 44 5 16
867 2010-02-07 47 13 28 41 32 27
868 2010-02-11 7 43 27 13 17 42
869 2010-02-14 34 9 28 11 31 21
870 2010-02-18 24 37 19 16 32 17
871 2010-02-21 6 9 40 27 24 17
872 2010-02-25 13 26 5 20 47 43
873 2010-02-28 17 6 5 49 21 31
874 2010-03-04 8 5 20 23 16 25
875 2010-03-07 46 7 12 33 15 26
876 2010-03-11 6 45 17 34 33 27
877 2010-03-14 2 26 5 20 12 37
878 2010-03-18 21 2 24 41 1 12
879 2010-03-21 29 45 25 7 2 44
880 2010-03-25 19 7 1 23 44 22
881 2010-03-28 4 6 8 45 48 39
882 2010-04-01 15 25 7 19 9 47
883 2010-04-04 27 15 34 36 7 25
884 2010-04-08 45 32 36 9 48 31
885 2010-04-11 49 34 33 10 48 43
886 2010-04-15 46 12 36 37 35 13
887 2010-04-18 14 42 37 41 47 49
888 2010-04-22 44 22 8 29 1 36
889 2010-04-25 40 3 13 18 16 30
890 2010-04-29 19 15 43 34 26 22
891 2010-05-02 14 37 48 44 11 22
892 2010-05-06 23 7 15 31 43 28
893 2010-05-09 2 17 1 28 21 44
894 2010-05-13 37 9 5 24 12 21
895 2010-05-16 48 23 19 4 29 24
896 2010-05-20 47 46 3 4 33 8
897 2010-05-23 13 16 24 22 25 4
898 2010-05-27 34 30 49 1 15 44
899 2010-05-30 32 34 7 22 37 31
900 2010-06-03 13 33 16 25 1 9
901 2010-06-06 20 7 1 33 19 43
902 2010-06-10 46 28 17 44 20 22
903 2010-06-13 3 14 10 47 2 26
904 2010-06-17 42 36 15 48 35 32
905 2010-06-20 20 44 45 12 19 9
906 2010-06-24 44 49 47 30 12 13
907 2010-06-27 11 46 10 33 5 6
908 2010-07-01 36 1 34 35 27 38
909 2010-07-04 12 40 30 29 9 5
910 2010-07-08 6 43 11 10 7 13
911 2010-07-11 12 41 31 23 48 44
912 2010-07-15 26 49 34 1 12 14
913 2010-07-18 10 42 43 34 45 36
914 2010-07-22 29 33 6 4 42 12
915 2010-07-25 14 44 40 30 22 5
916 2010-07-29 23 42 49 1 41 3
917 2010-08-01 10 3 31 47 28 38
918 2010-08-05 14 31 16 24 1 27
919 2010-08-08 49 41 3 26 7 31
920 2010-08-12 14 42 37 4 33 20
921 2010-08-15 40 48 34 19 21 44
922 2010-08-19 38 14 23 34 17 42
923 2010-08-22 43 8 32 2 1 27
924 2010-08-26 6 24 20 9 38 36
925 2010-08-29 28 21 12 7 23 11
926 2010-09-02 15 38 45 9 29 28
927 2010-09-05 25 39 37 20 38 3
928 2010-09-09 49 35 44 26 7 18
929 2010-09-12 13 12 33 29 5 17
930 2010-09-16 5 47 41 13 12 6
931 2010-09-19 10 27 37 30 16 13
932 2010-09-23 15 31 30 39 7 25
933 2010-09-26 2 18 1 42 17 7
934 2010-09-30 40 48 4 12 30 7
935 2010-10-03 38 2 5 25 27 11
936 2010-10-07 39 26 38 5 36 6
937 2010-10-10 1 26 12 23 44 35
938 2010-10-14 13 43 6 20 3 23
939 2010-10-17 29 31 37 36 16 41
940 2010-10-21 31 45 8 18 38 19
941 2010-10-24 6 19 40 49 45 30
942 2010-10-28 5 27 43 22 20 13
943 2010-10-31 46 18 33 40 7 24
944 2010-11-04 19 1 22 38 18 39
945 2010-11-07 20 22 32 36 33 5
946 2010-11-11 5 8 45 11 22 9
947 2010-11-14 19 23 12 17 4 16
948 2010-11-18 29 11 15 7 5 9
949 2010-11-21 32 39 38 36 27 35
950 2010-11-25 11 43 2 28 48 42
951 2010-11-28 32 4 3 45 36 43
952 2010-12-02 4 39 23 1 5 47
953 2010-12-05 39 7 21 31 4 9
954 2010-12-09 25 32 48 31 47 39
955 2010-12-12 13 33 37 36 34 21
956 2010-12-16 33 42 43 45 1 37
957 2010-12-19 15 41 21 33 49 34
958 2010-12-23 25 19 24 13 14 41
959 2010-12-31 8 33 36 34 9 5
960 2010-12-31 42 29 37 5 43 20
961 2011-01-06 38 7 17 13 25 24
962 2011-01-09 14 6 13 46 37 9
963 2011-01-13 41 18 47 29 45 21
964 2011-01-16 18 12 7 46 4 33
965 2011-01-20 45 7 9 34 25 11
966 2011-01-23 36 37 17 4 12 26
967 2011-01-27 29 9 5 30 27 34
968 2011-01-30 12 35 29 19 1 23
969 2011-02-03 31 15 4 35 18 24
970 2011-02-06 47 46 34 22 26 6
971 2011-02-10 37 33 29 23 14 30
972 2011-02-13 31 20 39 22 13 18
973 2011-02-17 33 21 24 1 28 5
974 2011-02-20 9 40 18 42 16 32
975 2011-02-24 8 19 46 31 15 11
976 2011-02-27 8 33 24 29 7 48
977 2011-03-03 9 7 26 44 39 35
978 2011-03-06 7 48 40 37 19 38
979 2011-03-10 20 9 48 14 12 35
980 2011-03-13 39 48 1 20 23 21
981 2011-03-17 18 35 6 36 3 48
982 2011-03-20 29 34 24 6 14 1
983 2011-03-24 28 40 27 29 30 9
984 2011-03-27 29 34 3 4 5 27
985 2011-03-31 1 31 27 17 4 32
986 2011-04-03 27 32 18 2 24 28
987 2011-04-07 4 9 37 8 35 12
988 2011-04-10 45 33 24 25 29 23
989 2011-04-14 23 45 2 30 37 13
990 2011-04-17 16 4 17 38 46 36
991 2011-04-24 36 34 5 9 6 3
992 2011-04-24 40 8 39 26 15 7
993 2011-04-28 12 7 40 23 4 10
994 2011-05-01 27 18 40 35 32 26
995 2011-05-05 11 35 4 39 40 38
996 2011-05-08 18 16 20 5 38 15
997 2011-05-12 39 2 1 41 11 25
998 2011-05-15 28 48 33 9 12 14
999 2011-05-19 23 20 13 3 9 32
1000 2011-05-22 48 49 14 35 39 28
1001 2011-05-26 1 9 7 18 2 29
1002 2011-05-29 13 34 2 6 11 49
1003 2011-06-02 10 19 32 39 35 13
1004 2011-06-05 4 18 8 22 15 48
1005 2011-06-09 34 43 32 39 17 6
1006 2011-06-12 13 5 41 23 16 48
1007 2011-06-16 41 20 2 46 17 10
1008 2011-06-19 40 21 3 45 49 41
1009 2011-06-23 49 38 32 36 10 22
1010 2011-06-26 42 15 10 16 44 14
1011 2011-06-30 44 48 19 42 49 28
1012 2011-07-03 41 39 8 18 1 4
1013 2011-07-07 33 7 20 24 17 14
1014 2011-07-10 15 38 46 41 32 6
1015 2011-07-14 32 40 31 16 12 13
1016 2011-07-17 15 17 37 48 28 27
1017 2011-07-21 10 42 2 20 35 19
1018 2011-07-24 18 26 45 11 32 28
1019 2011-07-28 2 27 15 36 35 30
1020 2011-07-31 15 29 34 33 22 26
1021 2011-08-04 9 32 16 3 11 17
1022 2011-08-07 43 40 4 44 6 49
1023 2011-08-11 42 6 36 45 37 19
1024 2011-08-14 27 22 32 28 15 14
1025 2011-08-18 8 3 11 1 10 36
1026 2011-08-21 25 17 10 44 45 41
1027 2011-08-25 33 18 41 5 38 3
1028 2011-08-28 10 40 43 13 46 27
1029 2011-09-01 21 40 12 25 35 27
1030 2011-09-04 44 7 14 4 20 22
1031 2011-09-08 11 9 26 10 30 6
1032 2011-09-11 43 19 29 12 38 20
1033 2011-09-15 2 31 33 36 1 18
1034 2011-09-18 26 32 29 8 27 37
1035 2011-09-22 31 26 32 38 45 36
1036 2011-09-25 16 14 19 20 25 13
1037 2011-09-29 28 14 16 24 23 42
1038 2011-10-02 39 18 12 30 25 36
1039 2011-10-06 49 6 14 35 24 3
1040 2011-10-09 40 48 8 38 43 4
1041 2011-10-13 42 5 46 2 43 24
1042 2011-10-16 38 12 3 27 24 35
1043 2011-10-20 43 25 31 7 17 39
1044 2011-10-23 25 27 28 14 22 7
1045 2011-10-27 20 49 21 15 19 2
1046 2011-10-30 27 29 36 19 44 25
1047 2011-11-03 45 40 30 37 43 27
1048 2011-11-06 2 17 33 37 34 42
1049 2011-11-10 11 19 13 6 24 48
1050 2011-11-13 34 20 12 45 9 1
1051 2011-11-17 19 22 45 34 48 32
1052 2011-11-20 47 38 31 44 18 39
1053 2011-11-24 48 26 36 5 25 38
1054 2011-11-27 44 12 26 23 45 43
1055 2011-12-01 25 3 14 36 46 2
1056 2011-12-04 47 11 26 41 28 16
1057 2011-12-08 47 41 22 9 33 3
1058 2011-12-11 41 45 37 14 8 5
1059 2011-12-15 15 7 8 40 33 49
1060 2011-12-18 7 38 30 29 28 21
1061 2011-12-22 42 19 22 5 45 23
1062 2011-12-30 17 43 37 40 29 16
1063 2011-12-30 20 28 38 15 48 37
1064 2012-01-05 9 39 23 36 3 22
1065 2012-01-08 49 32 19 47 42 22
1066 2012-01-12 15 21 4 3 5 8
1067 2012-01-15 14 13 39 45 4 32
1068 2012-01-19 9 29 31 39 3 21
1069 2012-01-22 13 18 31 48 24 19
1070 2012-01-26 23 15 4 31 35 47
1071 2012-01-29 20 42 9 24 12 44
1072 2012-02-02 36 8 34 6 5 49
1073 2012-02-05 14 16 33 19 17 49
1074 2012-02-09 38 41 45 44 8 34
1075 2012-02-12 47 28 40 27 9 34
1076 2012-02-16 39 16 9 8 18 26
1077 2012-02-19 16 34 3 12 28 15
1078 2012-02-23 10 40 42 37 26 27
1079 2012-02-26 10 19 1 16 18 14
1080 2012-03-01 49 42 34 10 19 41
1081 2012-03-04 49 24 44 5 22 38
1082 2012-03-08 10 9 14 43 25 35
1083 2012-03-11 25 15 43 35 36 37
1084 2012-03-15 10 11 2 12 49 39
1085 2012-03-18 3 39 33 40 2 17
1086 2012-03-22 20 24 13 11 31 3
1087 2012-03-25 43 24 36 32 12 19
1088 2012-03-29 5 37 11 36 6 39
1089 2012-04-01 7 14 20 37 43 27
1090 2012-04-05 33 39 23 2 12 24
1091 2012-04-08 4 40 13 27 29 16
1092 2012-04-15 38 29 16 8 28 36
1093 2012-04-15 39 5 46 18 32 37
1094 2012-04-19 1 22 18 47 26 32
1095 2012-04-22 46 18 43 8 20 35
1096 2012-04-26 45 20 35 16 43 13
1097 2012-04-29 27 32 34 15 21 1
1098 2012-05-03 33 22 4 42 17 6
1099 2012-05-06 47 37 17 48 7 41
1100 2012-05-10 48 1 46 2 32 26
1101 2012-05-13 17 3 26 21 29 34
1102 2012-05-17 9 23 41 37 43 4
1103 2012-05-20 43 14 42 49 4 28
1104 2012-05-24 11 2 9 10 38 12
1105 2012-05-27 29 39 33 6 5 26
1106 2012-05-31 42 47 23 20 25 5
1107 2012-06-03 46 38 23 15 18 3
1108 2012-06-07 17 5 16 33 32 27
1109 2012-06-10 25 32 20 28 6 30
1110 2012-06-14 12 37 9 41 15 46
1111 2012-06-17 43 12 2 4 8 39
1112 2012-06-21 2 42 45 33 41 28
1113 2012-06-24 20 30 28 8 5 49
1114 2012-06-28 11 15 19 38 21 44
1115 2012-07-01 33 30 10 47 5 49
1116 2012-07-05 21 24 43 20 13 2
1117 2012-07-08 26 35 38 17 5 23
1118 2012-07-12 32 4 40 44 47 22
1119 2012-07-15 32 1 45 41 44 37
1120 2012-07-19 30 13 12 24 15 19
1121 2012-07-22 48 36 24 21 47 37
1122 2012-07-26 1 12 28 38 16 49
1123 2012-07-29 7 22 9 29 2 32
1124 2012-08-02 13 18 47 14 15 7
1125 2012-08-05 28 49 20 22 8 7
1126 2012-08-09 13 46 36 39 21 35
1127 2012-08-12 25 16 18 20 23 46
1128 2012-08-16 38 30 11 7 5 2
1129 2012-08-19 33 37 31 25 28 8
1130 2012-08-23 21 37 34 29 48 7
1131 2012-08-26 23 30 39 14 40 35
1132 2012-08-30 25 46 4 2 24 10
1133 2012-09-02 21 14 26 19 3 28
1134 2012-09-06 2 33 38 6 36 34
1135 2012-09-09 37 32 30 13 18 4
1136 2012-09-16 9 15 25 30 17 6
1137 2012-09-16 22 19 12 28 29 23
1138 2012-09-20 15 24 46 38 33 3
1139 2012-09-23 14 13 17 38 21 7
1140 2012-09-27 13 49 8 17 28 48
1141 2012-09-30 6 37 34 17 9 14
1142 2012-10-04 16 35 21 14 34 45
1143 2012-10-07 28 16 19 36 46 4
1144 2012-10-11 18 49 20 11 30 9
1145 2012-10-14 43 12 24 36 7 16
1146 2012-10-18 42 18 41 7 35 26
1147 2012-10-21 9 24 2 42 25 28
1148 2012-10-25 22 38 29 37 13 25
1149 2012-10-28 37 11 47 44 31 13
1150 2012-11-01 8 4 48 12 29 33
1151 2012-11-04 37 17 32 21 26 27
1152 2012-11-08 16 5 40 45 14 25
1153 2012-11-11 44 35 34 29 36 32
1154 2012-11-15 12 24 8 30 4 40
1155 2012-11-18 22 28 48 39 20 24
1156 2012-11-22 7 33 26 45 38 43
1157 2012-11-25 12 2 28 32 7 25
1158 2012-11-29 18 1 37 34 43 11
1159 2012-12-02 10 32 37 23 45 39
1160 2012-12-06 47 41 23 10 21 45
1161 2012-12-09 40 11 47 31 38 29
1162 2012-12-13 42 21 24 43 44 2
1163 2012-12-16 38 10 3 4 6 17
1164 2012-12-20 14 47 24 2 13 33
1165 2012-12-23 23 14 39 37 46 8
1166 2012-12-30 49 16 29 32 48 42
1167 2012-12-30 6 32 36 46 8 48
1168 2013-01-06 49 24 10 18 27 23
1169 2013-01-10 39 44 27 31 5 25
1170 2013-01-13 47 33 10 16 27 2
1171 2013-01-17 4 42 46 41 26 37
1172 2013-01-20 6 39 42 44 49 38
1173 2013-01-24 36 27 48 2 6 26
1174 2013-01-27 40 18 25 33 39 43
1175 2013-01-31 40 26 32 22 23 36
1176 2013-02-03 45 46 1 34 8 13
1177 2013-02-07 20 42 39 2 25 28
1178 2013-02-10 3 8 38 25 1 14
1179 2013-02-14 3 4 46 9 44 15
1180 2013-02-17 2 12 19 17 45 26
1181 2013-02-21 27 10 7 34 32 9
1182 2013-02-24 1 14 35 41 7 11
1183 2013-02-28 15 8 21 2 18 45
1184 2013-03-03 48 11 31 8 43 21
1185 2013-03-07 17 5 15 31 42 43
1186 2013-03-10 32 46 9 40 17 29
1187 2013-03-14 22 13 24 3 5 34
1188 2013-03-17 27 28 11 8 12 14
1189 2013-03-21 14 2 23 20 47 49
1190 2013-03-24 16 5 33 4 36 20
1191 2013-03-28 4 5 32 10 22 46
1192 2013-03-31 2 7 46 4 6 16
1193 2013-04-04 6 49 24 16 5 9
1194 2013-04-07 21 35 43 5 7 46
1195 2013-04-11 23 10 25 13 44 39
1196 2013-04-14 13 46 31 35 30 12
1197 2013-04-18 19 16 21 39 7 28
1198 2013-04-21 47 38 10 25 20 15
1199 2013-04-25 37 34 26 18 40 11
1200 2013-04-28 12 36 24 16 43 10
1201 2013-05-05 41 2 27 28 30 42
1202 2013-05-05 6 48 34 12 22 38
1203 2013-05-09 38 28 6 2 22 23
1204 2013-05-12 9 29 45 5 3 11
1205 2013-05-16 35 31 7 27 26 19
1206 2013-05-19 48 21 24 4 39 1
1207 2013-05-23 47 8 6 15 11 26
1208 2013-05-26 4 40 34 17 42 49
1209 2013-05-30 7 11 12 10 46 37
1210 2013-06-02 6 34 36 9 26 16
1211 2013-06-06 6 38 47 34 32 14
1212 2013-06-09 24 44 37 45 8 41
1213 2013-06-13 44 20 48 49 1 25
1214 2013-06-16 17 9 44 21 32 35
1215 2013-06-20 41 8 38 21 9 36
1216 2013-06-23 32 39 17 19 5 47
1217 2013-06-27 2 41 29 43 44 48
1218 2013-06-30 16 25 14 36 8 33
1219 2013-07-04 29 38 44 27 18 17
1220 2013-07-07 11 2 34 36 48 8
1221 2013-07-11 27 23 37 4 30 8
1222 2013-07-14 22 49 18 7 47 6
1223 2013-07-18 38 20 25 40 4 3
1224 2013-07-21 22 29 11 9 2 39
1225 2013-07-25 15 7 6 24 34 28
1226 2013-07-28 41 11 9 45 42 19
1227 2013-08-01 41 12 46 15 40 37
1228 2013-08-04 7 4 10 32 46 45
1229 2013-08-08 17 5 25 20 43 23
1230 2013-08-11 13 21 49 3 40 43
1231 2013-08-15 23 46 18 17 47 15
1232 2013-08-18 43 23 25 3 22 17
1233 2013-08-22 15 32 21 7 23 40
1234 2013-08-25 28 30 49 29 34 25
1235 2013-08-29 8 5 36 3 2 41
1236 2013-09-01 26 44 7 16 25 11
1237 2013-09-05 41 10 28 36 27 16
1238 2013-09-08 6 26 13 24 47 34
1239 2013-09-15 44 2 24 15 48 33
1240 2013-09-15 15 39 44 36 19 33
1241 2013-09-19 33 32 37 41 8 45
1242 2013-09-22 4 46 28 30 49 17
1243 2013-09-26 14 49 36 11 35 8
1244 2013-09-29 7 31 35 12 48 44
1245 2013-10-03 21 41 15 1 37 34
1246 2013-10-06 25 36 29 49 47 31
1247 2013-10-10 35 10 3 33 48 34
1248 2013-10-13 17 13 35 9 30 39
1249 2013-10-17 34 26 2 16 36 43
1250 2013-10-20 40 19 11 37 20 6
1251 2013-10-24 32 1 49 40 30 20
1252 2013-10-27 41 36 10 20 17 12
1253 2013-10-31 37 45 4 25 5 6
1254 2013-11-03 39 32 49 24 25 15
1255 2013-11-07 48 17 49 19 32 29
1256 2013-11-10 25 46 15 4 7 22
1257 2013-11-14 43 16 6 29 25 37
1258 2013-11-17 36 44 28 23 25 21
1259 2013-11-21 13 37 32 21 7 33
1260 2013-11-24 1 40 42 47 25 35
1261 2013-11-28 46 26 43 30 38 21
1262 2013-12-01 26 48 8 2 39 25
1263 2013-12-05 46 6 20 45 32 24
1264 2013-12-08 32 40 22 14 9 18
1265 2013-12-12 17 32 49 37 35 41
1266 2013-12-15 8 34 9 35 18 40
1267 2013-12-19 12 10 1 3 47 35
1268 2013-12-22 3 45 22 48 10 13
1269 2013-12-30 28 21 17 23 4 48
1270 2013-12-30 11 34 30 3 9 5
1271 2014-01-05 33 45 25 10 4 48
1272 2014-01-09 2 33 26 24 12 16
1273 2014-01-12 43 24 39 4 32 7
1274 2014-01-16 1 45 43 48 9 21
1275 2014-01-19 34 29 48 30 4 27
1276 2014-01-23 28 29 18 4 17 16
1277 2014-01-26 29 38 6 25 8 34
1278 2014-01-30 6 37 29 32 18 42
1279 2014-02-02 13 37 25 12 30 46
1280 2014-02-06 2 14 12 3 25 17
1281 2014-02-09 1 9 17 20 22 49
1282 2014-02-13 48 14 12 1 17 23
1283 2014-02-16 4 49 29 23 31 1
1284 2014-02-20 10 12 3 48 36 4
1285 2014-02-23 44 16 27 33 31 11
1286 2014-02-27 30 34 38 4 6 27
1287 2014-03-02 24 21 13 37 39 6
1288 2014-03-06 45 36 11 44 42 16
1289 2014-03-09 44 11 22 5 15 47
1290 2014-03-13 1 46 25 27 17 36
1291 2014-03-16 36 8 22 31 44 12
1292 2014-03-20 31 6 34 4 44 49
1293 2014-03-23 23 2 9 18 33 32
1294 2014-03-27 5 23 13 9 2 4
1295 2014-03-30 45 33 40 21 35 5
1296 2014-04-03 10 38 5 7 14 45
1297 2014-04-06 14 6 33 11 5 49
1298 2014-04-10 46 49 13 8 43 47
1299 2014-04-13 15 48 5 8 30 1
1300 2014-04-20 3 45 26 40 47 32
1301 2014-04-20 5 3 44 26 42 9
1302 2014-04-24 18 46 11 41 5 10
1303 2014-04-27 28 38 23 15 35 3
1304 2014-05-01 1 25 20 17 22 4
1305 2014-05-04 44 49 20 30 15 6
1306 2014-05-08 41 14 48 8 6 49
1307 2014-05-11 37 43 6 46 17 7
1308 2014-05-15 35 39 19 47 43 20
1309 2014-05-18 6 19 47 9 31 36
1310 2014-05-22 13 33 40 9 12 36
1311 2014-05-25 43 33 3 44 29 37
1312 2014-05-29 31 8 2 6 10 19
1313 2014-06-01 31 44 35 32 7 43
1314 2014-06-05 8 31 37 49 2 6
1315 2014-06-08 2 22 30 5 41 27
1316 2014-06-12 49 21 17 32 34 11
1317 2014-06-15 17 23 43 1 28 47
1318 2014-06-19 28 40 19 4 41 14
1319 2014-06-22 24 11 14 44 41 16
1320 2014-06-26 25 10 44 27 31 11
1321 2014-06-29 35 18 12 2 17 7
1322 2014-07-03 38 28 31 15 6 32
1323 2014-07-06 39 11 21 13 47 30
1324 2014-07-10 30 34 11 40 33 19
1325 2014-07-13 13 26 33 27 31 21
1326 2014-07-17 44 25 2 29 46 45
1327 2014-07-20 5 12 38 2 14 48
1328 2014-07-24 20 34 15 7 3 17
1329 2014-07-27 48 11 45 12 30 32
1330 2014-07-31 33 28 19 9 17 10
1331 2014-08-03 4 29 47 1 30 43
1332 2014-08-07 23 3 13 25 19 32
1333 2014-08-10 31 37 27 47 22 45
1334 2014-08-14 8 37 13 25 36 21
1335 2014-08-17 15 1 35 17 11 21
1336 2014-08-21 40 32 45 24 48 26
1337 2014-08-24 21 45 19 38 27 18
1338 2014-08-28 21 34 4 49 9 46
1339 2014-08-31 40 33 29 27 13 39
1340 2014-09-04 8 22 48 27 21 16
1341 2014-09-07 28 3 22 45 39 26
1342 2014-09-14 28 11 14 29 13 33
1343 2014-09-14 19 44 22 23 12 32
1344 2014-09-18 26 41 4 46 30 16
1345 2014-09-21 19 42 1 32 33 47
1346 2014-09-25 25 23 38 46 27 5
1347 2014-09-28 11 24 19 4 41 20
1348 2014-10-02 15 49 28 25 23 47
1349 2014-10-05 12 22 15 31 25 32
1350 2014-10-09 41 5 48 43 21 32
1351 2014-10-12 23 49 17 45 32 24
1352 2014-10-16 29 17 1 46 25 31
1353 2014-10-19 13 19 25 1 15 6
1354 2014-10-23 28 47 38 31 9 40
1355 2014-10-26 33 26 49 22 12 2
1356 2014-10-30 45 5 39 30 24 46
1357 2014-11-02 42 39 48 33 24 41
1358 2014-11-06 20 11 16 36 15 49
1359 2014-11-09 4 36 6 46 32 44
1360 2014-11-13 30 42 23 16 8 39
1361 2014-11-16 30 22 17 6 18 28
1362 2014-11-20 40 36 19 2 18 12
1363 2014-11-23 2 11 32 34 38 28
1364 2014-11-27 23 22 36 6 20 33
1365 2014-11-30 12 34 17 16 20 15
1366 2014-12-04 46 29 35 44 2 4
1367 2014-12-07 47 6 28 36 1 20
1368 2014-12-11 34 35 1 5 36 47
1369 2014-12-14 17 49 22 10 45 33
1370 2014-12-18 2 24 39 16 4 10
1371 2014-12-21 40 28 5 12 19 44
1372 2014-12-30 39 36 47 6 1 3
1373 2014-12-30 22 16 47 34 48 20
1374 2015-01-11 45 16 3 9 34 13
1375 2015-01-15 25 23 45 18 11 36
1376 2015-01-18 35 1 15 27 3 14
1377 2015-01-22 41 36 4 15 32 20
1378 2015-01-25 35 5 16 25 36 9
1379 2015-01-29 13 28 46 35 44 39
1380 2015-02-01 10 27 2 41 45 37
1381 2015-02-05 24 8 3 26 21 25
1382 2015-02-08 19 29 5 34 41 2
1383 2015-02-12 9 25 5 35 40 33
1384 2015-02-15 25 28 9 45 34 43
1385 2015-02-19 43 42 18 2 16 15
1386 2015-02-22 40 18 7 29 33 14
1387 2015-02-26 46 25 42 23 26 16
1388 2015-03-01 9 46 34 11 18 35
1389 2015-03-01 21 15 27 37 29 14
1390 2015-03-05 8 48 22 2 41 27
1391 2015-03-08 3 8 11 26 48 46
1392 2015-03-12 16 1 47 25 26 15
1393 2015-03-15 43 17 34 35 47 3
1394 2015-03-19 6 23 7 30 21 46
1395 2015-03-22 46 36 45 7 35 13
1396 2015-03-26 2 45 27 4 38 48
1397 2015-03-29 22 10 4 6 18 9
1398 2015-04-02 11 38 36 1 27 16
1399 2015-04-05 33 5 30 44 4 27
1400 2015-04-09 18 36 32 49 29 6
1401 2015-04-12 15 44 16 19 31 23
1402 2015-04-12 18 25 45 23 27 40
1403 2015-04-16 26 42 45 8 1 5
1404 2015-04-19 32 44 21 38 35 16
1405 2015-04-23 1 18 10 30 17 44
1406 2015-04-26 46 29 30 1 10 2
1407 2015-04-30 43 19 27 11 14 46
1408 2015-05-03 45 8 5 37 19 1
1409 2015-05-07 3 48 14 47 9 16
1410 2015-05-10 4 25 6 17 48 14
1411 2015-05-14 30 21 38 33 8 11
1412 2015-05-17 16 19 48 25 32 10
1413 2015-05-21 34 1 17 10 39 18
1414 2015-05-24 32 25 45 43 40 2
1415 2015-05-28 46 41 12 44 39 22
1416 2015-05-31 14 35 29 8 23 21
1417 2015-06-04 24 38 26 28 7 17
1418 2015-06-07 47 30 45 37 12 17
1419 2015-06-11 32 17 46 5 48 33
1420 2015-06-14 28 23 24 45 10 37
1421 2015-06-18 38 37 1 33 41 15
1422 2015-06-21 11 34 1 7 37 18
1423 2015-06-25 18 37 8 43 26 45
1424 2015-06-28 38 6 36 22 48 47
1425 2015-07-02 36 30 20 4 5 10
1426 2015-07-05 27 4 47 15 10 41
1427 2015-07-09 19 17 5 2 41 28
1428 2015-07-12 45 13 15 32 2 23
1429 2015-07-16 43 48 31 33 24 45
1430 2015-07-19 37 33 10 43 49 40
1431 2015-07-23 16 48 46 36 42 26
1432 2015-07-26 48 43 38 6 10 36
1433 2015-07-30 34 25 44 18 39 24
1434 2015-08-02 1 27 14 23 30 40
1435 2015-08-06 35 16 14 7 46 40
1436 2015-08-09 29 15 21 46 36 18
1437 2015-08-13 16 10 14 24 3 6
1438 2015-08-16 11 8 44 10 46 35
1439 2015-08-20 26 41 38 18 4 36
1440 2015-08-23 16 28 17 43 20 36
1441 2015-08-27 23 5 26 42 17 34
1442 2015-08-30 44 48 1 34 2 25
1443 2015-09-03 15 10 26 9 6 47
1444 2015-09-06 38 3 12 16 28 18
1445 2015-09-13 28 40 3 17 34 49
1446 2015-09-13 22 21 18 17 41 8
1447 2015-09-17 32 3 28 14 8 29
1448 2015-09-20 48 34 20 27 47 2
1449 2015-09-24 49 31 38 44 14 10
1450 2015-09-27 26 1 32 18 12 7
1451 2015-10-01 11 2 38 32 41 30
1452 2015-10-04 31 1 36 39 24 14
1453 2015-10-08 33 18 6 42 37 35
1454 2015-10-11 30 44 27 29 28 45
1455 2015-10-15 14 45 46 9 22 8
1456 2015-10-18 10 17 47 11 12 23
1457 2015-10-22 44 3 24 1 49 2
1458 2015-10-25 31 9 7 17 10 47
1459 2015-10-29 2 12 26 19 37 25
1460 2015-11-01 11 21 20 8 41 34
1461 2015-11-05 45 41 47 42 40 10
1462 2015-11-08 13 16 32 7 10 36
1463 2015-11-12 44 2 13 39 12 19
1464 2015-11-15 29 10 2 30 3 18
1465 2015-11-19 31 3 10 47 25 8
1466 2015-11-22 14 43 23 21 33 16
1467 2015-11-26 21 46 26 32 3 35
1468 2015-11-29 5 28 26 35 12 47
1469 2015-12-03 10 13 37 44 14 46
1470 2015-12-06 26 49 9 20 48 6
1471 2015-12-10 41 1 20 46 36 14
1472 2015-12-13 32 25 11 21 14 38
1473 2015-12-17 46 26 11 19 28 6
1474 2015-12-20 8 18 44 27 2 13
1475 2015-12-30 10 15 18 47 34 48
1476 2015-12-30 8 35 4 28 40 22
1477 2016-01-07 34 26 36 29 11 25
1478 2016-01-10 41 16 14 8 29 47
1479 2016-01-14 45 41 38 46 23 33
1480 2016-01-17 21 20 9 5 2 14
1481 2016-01-21 17 13 5 1 20 9
1482 2016-01-24 43 39 4 28 20 5
1483 2016-01-28 11 35 13 1 33 14
1484 2016-01-31 28 6 49 18 9 36
1485 2016-02-04 42 47 44 45 6 24
1486 2016-02-07 36 29 4 1 45 42
1487 2016-02-11 32 40 9 31 21 28
1488 2016-02-14 23 46 8 11 48 13
1489 2016-02-18 33 5 4 18 16 8
1490 2016-02-21 47 21 1 40 31 39
1491 2016-02-25 15 34 31 37 6 24
1492 2016-02-28 25 4 19 41 20 36
1493 2016-03-03 16 38 19 27 41 45
1494 2016-03-06 29 8 2 34 46 37
1495 2016-03-06 41 14 49 25 2 44
1496 2016-03-10 26 28 44 46 3 45
1497 2016-03-13 3 21 45 19 4 29
1498 2016-03-17 40 13 45 9 43 41
1499 2016-03-20 4 5 30 23 36 1
1500 2016-03-24 15 21 24 47 16 18
1501 2016-03-27 2 3 24 40 6 43
1502 2016-03-31 21 11 44 43 32 5
1503 2016-04-03 36 6 34 13 47 49
1504 2016-04-07 20 26 39 25 14 21
1505 2016-04-10 35 42 17 41 28 33
1506 2016-04-14 9 44 5 16 31 10
1507 2016-04-17 9 15 12 27 44 46
1508 2016-04-21 18 47 5 14 46 6
1509 2016-04-24 6 15 42 43 45 32
1510 2016-05-01 16 40 9 36 37 43
1511 2016-05-01 22 23 11 39 42 8
1512 2016-05-05 39 5 19 13 15 32
1513 2016-05-08 48 17 34 25 14 5
1514 2016-05-12 3 37 6 22 2 10
1515 2016-05-15 24 4 42 25 37 20
1516 2016-05-19 24 7 34 2 9 37
1517 2016-05-22 30 13 1 42 34 19
1518 2016-05-26 1 43 21 45 26 20
1519 2016-05-29 11 48 3 19 10 5
1520 2016-06-02 13 27 37 8 23 12
1521 2016-06-05 39 7 4 13 36 22
1522 2016-06-09 30 42 44 18 10 31
1523 2016-06-12 27 20 25 46 22 11
1524 2016-06-16 30 16 4 9 13 2
1525 2016-06-19 25 35 30 4 11 14
1526 2016-06-23 24 7 46 35 3 27
1527 2016-06-26 24 43 1 25 46 22
1528 2016-06-30 1 27 34 49 14 6
1529 2016-07-03 42 25 38 22 27 15
1530 2016-07-07 15 31 26 4 42 17
1531 2016-07-10 9 38 45 21 20 5
1532 2016-07-14 22 31 34 47 10 49
1533 2016-07-17 12 26 9 45 4 47
1534 2016-07-21 2 41 42 6 39 12
1535 2016-07-24 24 16 28 21 6 33
1536 2016-07-28 42 44 10 3 33 27
1537 2016-07-31 38 32 31 49 3 4
1538 2016-08-04 16 42 2 6 46 30
1539 2016-08-07 7 5 36 41 4 32
1540 2016-08-11 14 4 19 49 34 38
1541 2016-08-14 47 3 49 6 7 24
1542 2016-08-18 6 44 1 4 19 8
1543 2016-08-21 38 17 5 11 36 13
1544 2016-08-25 6 11 25 9 12 1
1545 2016-08-28 48 6 4 30 13 26
1546 2016-09-01 19 26 45 25 22 3
1547 2016-09-04 41 13 21 43 45 28
1548 2016-09-08 40 39 14 46 7 41
1549 2016-09-11 34 21 25 14 46 43
1550 2016-09-15 22 18 5 28 29 15
1551 2016-09-18 18 19 35 23 45 13
1552 2016-09-18 22 47 15 14 41 2
1553 2016-09-22 33 25 30 17 13 31
1554 2016-09-25 11 25 43 42 30 23
1555 2016-09-29 32 43 40 44 2 26
1556 2016-10-02 27 23 2 44 48 38
1557 2016-10-06 21 10 40 23 3 38
1558 2016-10-09 9 10 27 5 38 33
1559 2016-10-13 16 7 26 25 31 13
1560 2016-10-16 19 42 22 18 43 20
1561 2016-10-20 11 36 7 31 19 12
1562 2016-10-23 12 31 46 17 6 5
1563 2016-10-27 6 35 3 1 43 42
1564 2016-10-30 16 37 7 33 28 36
1565 2016-11-03 7 19 22 6 5 45
1566 2016-11-06 15 11 41 14 9 42
1567 2016-11-10 35 44 17 10 22 18
1568 2016-11-13 21 35 46 20 5 31
1569 2016-11-17 17 42 39 30 36 4
1570 2016-11-20 2 42 1 44 19 8
1571 2016-11-24 17 15 19 11 7 9
1572 2016-11-27 29 32 43 30 21 4
1573 2016-12-04 34 23 1 18 5 11
1574 2016-12-08 38 9 24 10 7 4
1575 2016-12-11 36 18 41 24 23 10
1576 2016-12-15 49 4 44 37 7 31
1577 2016-12-18 17 3 38 44 20 40
1578 2016-12-22 4 18 32 21 17 34
1579 2016-12-31 23 22 43 8 9 27
1580 2016-12-31 42 15 34 43 48 39
1581 2017-01-05 25 49 42 29 5 24
1582 2017-01-08 16 5 18 28 43 30
1583 2017-01-12 16 30 1 23 20 8
1584 2017-01-15 7 30 16 39 23 5
1585 2017-01-19 23 45 12 25 2 10
1586 2017-01-22 24 16 38 27 11 3
1587 2017-01-26 33 27 2 40 42 20
1588 2017-01-29 38 27 49 17 13 44
1589 2017-02-02 40 6 27 5 25 49
1590 2017-02-05 25 10 34 15 36 39
1591 2017-02-09 20 37 8 31 27 9
1592 2017-02-12 7 5 8 25 37 6
1593 2017-02-16 22 17 4 42 30 3
1594 2017-02-19 37 30 27 38 17 45
1595 2017-02-23 18 23 36 7 47 8
1596 2017-02-26 22 31 30 4 42 39
1597 2017-03-02 24 38 48 11 12 29
1598 2017-03-05 43 14 49 23 3 6
1599 2017-03-05 30 1 16 9 41 34
1600 2017-03-09 29 43 33 10 27 36
1601 2017-03-12 20 39 3 5 49 41
1602 2017-03-16 48 30 46 13 21 29
1603 2017-03-19 40 45 38 8 11 34
1604 2017-03-23 11 35 39 4 2 1
1605 2017-03-26 1 29 41 39 18 46
1606 2017-03-30 23 31 20 19 38 7
1607 2017-04-02 48 21 12 9 5 46
1608 2017-04-06 22 20 2 36 1 8
1609 2017-04-09 41 32 21 5 4 16
1610 2017-04-16 8 30 37 11 21 45
1611 2017-04-16 23 42 21 30 4 12
1612 2017-04-20 1 21 18 6 31 3
1613 2017-04-23 13 45 42 14 48 41
1614 2017-04-27 49 2 19 44 9 35
1615 2017-04-30 5 40 8 12 38 16
1616 2017-05-04 13 25 22 15 34 11
1617 2017-05-07 18 13 21 4 16 11
1618 2017-05-11 1 32 34 49 24 17
1619 2017-05-14 1 38 25 2 11 6
1620 2017-05-18 47 13 6 3 32 17
1621 2017-05-21 17 32 39 48 43 41
1622 2017-05-25 4 20 15 2 10 19
1623 2017-05-28 11 13 2 43 12 39
1624 2017-06-01 48 30 19 38 36 29
1625 2017-06-04 39 19 14 12 26 16
1626 2017-06-08 7 6 16 26 18 9
1627 2017-06-11 8 49 38 17 33 28
1628 2017-06-15 20 15 4 39 46 3
1629 2017-06-18 38 3 48 30 1 12
1630 2017-06-22 2 40 22 44 42 30
1631 2017-06-25 9 28 12 46 8 19
1632 2017-06-25 13 47 17 44 27 6
1633 2017-06-29 33 31 28 4 5 26
1634 2017-07-02 11 32 28 37 36 48
1635 2017-07-06 15 17 21 49 30 25
1636 2017-07-09 26 30 8 24 35 23
1637 2017-07-13 49 4 26 32 27 43
1638 2017-07-16 16 15 5 22 7 40
1639 2017-07-20 7 14 44 27 45 4
1640 2017-07-23 4 38 39 11 15 36
1641 2017-07-27 47 16 11 38 10 26
1642 2017-07-30 25 48 28 38 1 24
1643 2017-07-30 41 20 7 5 9 3
1644 2017-08-03 14 16 44 2 27 9
1645 2017-08-06 25 7 9 37 43 29
1646 2017-08-10 16 14 7 47 21 27
1647 2017-08-13 38 3 28 31 32 18
1648 2017-08-17 48 27 29 23 8 20
1649 2017-08-20 48 46 5 30 19 32
1650 2017-08-24 26 16 37 36 13 22
1651 2017-08-27 48 17 43 2 13 15
1652 2017-08-31 18 11 24 39 12 34
1653 2017-09-03 23 24 8 45 40 35
1654 2017-09-07 15 36 20 24 2 6
1655 2017-09-10 20 25 45 48 37 21
1656 2017-09-17 21 30 39 46 3 9
1657 2017-09-17 5 14 10 23 26 40
1658 2017-09-21 4 32 36 8 1 24
1659 2017-09-24 32 5 4 49 44 12
1660 2017-09-28 3 6 37 7 48 28
1661 2017-10-01 21 38 7 6 49 13
1662 2017-10-05 30 6 17 41 4 28
1663 2017-10-08 5 15 28 41 32 7
1664 2017-10-12 44 35 36 19 21 42
1665 2017-10-15 46 22 47 43 27 28
1666 2017-10-15 44 19 35 6 9 10
1667 2017-10-19 8 32 11 19 29 17
1668 2017-10-22 2 28 41 27 26 3
1669 2017-10-26 10 21 24 22 37 23
1670 2017-10-29 18 37 27 10 44 5
1671 2017-11-02 49 21 24 28 39 16
1672 2017-11-05 13 3 18 12 21 45
1673 2017-11-09 23 47 28 7 39 9
1674 2017-11-12 19 12 32 7 33 17
1675 2017-11-16 21 5 44 48 11 49
1676 2017-11-19 8 15 30 42 39 35
1677 2017-11-23 30 10 11 45 15 37
1678 2017-11-26 23 30 44 13 2 15
1679 2017-11-26 37 11 35 27 12 4
1680 2017-11-30 17 15 41 39 45 40
1681 2017-12-03 42 20 5 4 23 38
1682 2017-12-07 32 14 37 40 47 49
1683 2017-12-10 38 49 10 1 46 22
1684 2017-12-14 40 2 45 13 11 5
1685 2017-12-17 34 30 47 46 45 26
1686 2017-12-21 19 46 30 33 36 17
1687 2017-12-24 18 33 17 12 44 28
1688 2017-12-31 5 44 12 9 29 16
1689 2017-12-31 43 36 2 42 32 28
1690 2018-01-04 8 27 47 2 25 3
1691 2018-01-07 4 12 5 19 33 2
1692 2018-01-11 35 20 10 31 3 32
1693 2018-01-14 16 36 34 30 43 27
1694 2018-01-18 1 49 21 34 2 12
1695 2018-01-21 47 35 17 33 23 11
1696 2018-01-25 48 10 17 31 25 29
1697 2018-01-28 18 34 5 28 33 2
1698 2018-02-01 37 34 27 46 4 28
1699 2018-02-04 37 17 26 39 35 4
1700 2018-02-08 3 29 23 40 39 9
1701 2018-02-11 5 14 30 34 22 18
1702 2018-02-15 30 33 5 2 34 19
1703 2018-02-18 21 12 42 8 37 2
1704 2018-02-22 47 8 35 18 26 2
1705 2018-02-25 3 1 47 19 28 34
1706 2018-03-01 6 11 39 43 33 9
1707 2018-03-04 17 40 3 31 19 41
1708 2018-03-04 20 40 19 32 39 29
1709 2018-03-08 12 4 24 42 31 2
1710 2018-03-11 27 43 48 29 35 1
1711 2018-03-15 34 19 3 20 10 17
1712 2018-03-18 9 37 41 33 47 25
1713 2018-03-22 4 15 48 2 23 20
1714 2018-03-25 2 39 12 36 34 20
1715 2018-03-29 23 35 31 5 6 43
1716 2018-04-01 12 23 20 11 42 18
1717 2018-04-08 31 9 18 29 32 21
1718 2018-04-08 45 49 9 37 7 31
1719 2018-04-12 2 24 43 49 16 40
1720 2018-04-15 15 9 31 21 13 4
1721 2018-04-19 4 21 22 27 24 37
1722 2018-04-22 14 18 39 21 45 29
1723 2018-04-26 14 18 19 24 33 6
1724 2018-04-29 30 49 14 46 37 32
1725 2018-05-03 29 37 44 3 9 6
1726 2018-05-06 35 16 25 9 23 49
1727 2018-05-10 1 20 39 21 43 44
1728 2018-05-13 33 9 17 49 11 34
1729 2018-05-17 24 34 17 8 5 20
1730 2018-05-20 12 16 33 45 3 10
1731 2018-05-24 1 14 38 47 33 7
1732 2018-05-27 2 27 14 45 7 46
1733 2018-05-31 24 33 19 28 35 4
1734 2018-06-03 1 11 47 22 36 46
1735 2018-06-07 43 4 38 25 16 46
1736 2018-06-10 47 21 25 22 40 42
1737 2018-06-14 6 23 3 35 32 44
1738 2018-06-17 3 19 20 23 17 37
1739 2018-06-21 30 31 19 49 17 34
1740 2018-06-24 24 49 42 3 21 41
1741 2018-06-28 49 23 25 24 41 4
1742 2018-07-01 19 43 20 18 5 11
1743 2018-07-05 28 5 44 10 26 38
1744 2018-07-08 25 36 31 8 7 40
1745 2018-07-12 2 42 29 39 40 44
1746 2018-07-15 3 29 46 32 23 27
1747 2018-07-19 23 49 5 2 41 16
1748 2018-07-22 4 48 39 44 24 9
1749 2018-07-26 6 12 44 27 4 30
1750 2018-07-29 38 9 14 45 31 23
1751 2018-08-02 21 9 8 22 40 27
1752 2018-08-05 2 31 43 24 40 19
1753 2018-08-09 41 42 25 28 38 30
1754 2018-08-12 3 23 16 12 10 45
1755 2018-08-16 5 16 37 32 3 10
1756 2018-08-19 31 15 24 18 33 35
1757 2018-08-23 37 14 47 28 39 4
1758 2018-08-26 19 43 26 27 14 38
1759 2018-08-30 29 27 12 25 7 39
1760 2018-09-02 45 43 28 14 18 4
1761 2018-09-06 48 26 13 28 7 22
1762 2018-09-09 44 16 27 48 9 19
1763 2018-09-13 42 20 3 34 31 13
1764 2018-09-16 33 22 37 36 42 29
1765 2018-09-16 14 10 23 30 8 37
1766 2018-09-20 42 35 33 39 25 7
1767 2018-09-23 34 23 15 47 4 14
1768 2018-09-27 29 11 4 45 33 28
1769 2018-09-30 3 5 41 44 38 32
1770 2018-10-04 34 26 12 32 7 42
1771 2018-10-07 21 12 40 44 33 1
1772 2018-10-11 6 11 33 19 23 8
1773 2018-10-14 24 45 2 49 19 47
1774 2018-10-18 34 27 32 10 13 11
1775 2018-10-21 7 6 22 21 43 23
1776 2018-10-21 45 47 25 18 2 10
1777 2018-10-25 42 33 45 5 15 16
1778 2018-10-28 24 10 4 48 33 43
1779 2018-11-01 34 19 7 43 9 28
1780 2018-11-04 40 34 22 36 32 41
1781 2018-11-08 42 19 10 37 21 45
1782 2018-11-11 10 23 30 21 7 39
1783 2018-11-15 28 7 48 14 22 17
1784 2018-11-18 48 23 15 37 35 28
1785 2018-11-18 42 48 10 5 33 3
1786 2018-11-22 20 15 18 7 28 23
1787 2018-11-25 22 7 2 40 14 30
1788 2018-11-29 3 12 27 18 9 4
1789 2018-12-2 39 46 15 11 7 25
1790 2018-12-2 33 7 19 47 11 25
1791 2018-12-6 19 14 7 34 20 41
1792 2018-12-9 22 23 24 9 47 33
1793 2018-12-13 32 41 43 25 1 19
1794 2018-12-16 47 33 34 16 44 27
1795 2018-12-20 24 44 13 23 32 41
1796 2018-12-23 26 41 24 25 23 36
1797 2018-12-31 11 12 15 30 8 4
1798 2019-01-6 7 45 30 17 6 26
1799 2019-01-10 8 15 31 45 26 32
1800 2019-01-13 22 14 17 33 7 9
1801 2019-01-17 7 45 36 15 40 34
1802 2019-01-20 35 15 26 17 46 21
1803 2019-01-24 39 43 17 8 6 7
1804 2019-01-27 26 7 4 42 48 6
1805 2019-01-31 30 7 23 12 28 27
1806 2019-02-3 35 48 18 34 49 29
1807 2019-02-7 30 26 25 48 32 1
1808 2019-02-10 12 45 48 38 24 5
1809 2019-02-14 31 49 2 46 20 3
1810 2019-02-17 13 45 28 17 12 47
1811 2019-02-21 26 33 11 9 24 20
1812 2019-02-24 2 3 49 25 31 17
1813 2019-02-28 30 21 41 32 45 3
1814 2019-03-3 26 42 24 20 36 33
1815 2019-03-07 20 16 18 23 15 26
1816 2019-03-10 4 20 1 10 5 42
1817 2019-03-14 37 39 2 32 25 23
1818 2019-03-17 1 36 40 21 4 39
1819 2019-03-21 30 10 5 27 8 28
1820 2019-03-24 13 45 49 26 18 28
1821 2019-03-28 38 6 45 36 47 11
1822 2019-03-31 14 13 19 12 21 25
1823 2019-04-4 44 29 46 6 1 28
1824 2019-04-7 4 2 8 5 25 14
1825 2019-04-11 8 10 4 49 45 27
1826 2019-04-14 12 44 4 36 31 39
1827 2019-04-18 8 6 33 31 42 13
1828 2019-04-21 26 23 47 21 35 24
1829 2019-04-27 15 8 1 29 5 43
1830 2019-04-27 46 10 7 5 41 9
1831 2019-05-2 48 7 34 40 33 46
1832 2019-05-5 42 28 13 6 19 48
1833 2019-05-9 13 32 15 43 18 20
1834 2019-05-12 27 6 11 44 42 24
1835 2019-05-16 12 46 42 20 17 2
1836 2019-05-19 43 26 15 11 24 25
1837 2019-05-23 5 47 38 39 31 22
1838 2019-05-26 16 43 48 14 19 26
1839 2019-05-30 1 13 29 6 3 22
1840 2019-06-2 18 9 26 34 49 11
1841 2019-06-6 40 24 37 2 11 12
1842 2019-06-9 25 30 2 49 15 31
1843 2019-06-13 33 46 4 36 32 47
1844 2019-06-16 22 42 41 30 34 8
1845 2019-06-20 14 48 32 11 35 13
1846 2019-06-23 5 1 11 45 36 8
1847 2019-06-27 12 28 5 34 21 16
1848 2019-06-30 3 47 31 25 22 21
1849 2019-07-4 6 40 22 32 31 12
1850 2019-07-7 8 40 16 4 48 2
1851 2019-07-11 42 28 31 3 23 38
1852 2019-07-14 15 21 28 38 26 13
1853 2019-07-18 41 16 27 24 4 37
1854 2019-07-21 1 40 27 35 28 37
1855 2019-07-25 32 7 40 1 37 11
1856 2019-07-28 32 40 20 35 4 23
1857 2019-08-1 6 3 48 25 2 47
1858 2019-08-4 22 26 42 6 7 24
1859 2019-08-8 22 30 31 29 10 4
1860 2019-08-11 25 45 44 37 27 42
1861 2019-08-15 6 7 9 37 30 31
1862 2019-08-18 5 40 24 20 8 27
1863 2019-08-22 39 8 24 46 33 47
1864 2019-08-25 36 29 2 28 16 34
1865 2019-08-29 25 1 13 34 28 30
1866 2019-09-1 36 19 38 44 6 20
1867 2019-09-5 21 40 3 13 30 6
1868 2019-09-8 43 4 48 29 44 23
1869 2019-09-12 8 10 30 26 42 6
1870 2019-09-15 27 45 25 8 10 39
1871 2019-09-15 37 8 4 10 28 21
1872 2019-09-19 5 27 43 18 47 19
1873 2019-09-22 25 24 27 17 29 20
1874 2019-09-26 22 37 27 45 43 40
1875 2019-09-29 14 26 48 43 40 10
1876 2019-10-3 36 7 11 15 48 8
1877 2019-10-6 10 29 6 19 38 45
1878 2019-10-10 21 41 49 30 31 2
1879 2019-10-13 42 23 35 44 32 1
1880 2019-10-17 21 41 15 5 6 45
1881 2019-10-20 32 36 47 49 18 7
1882 2019-10-24 49 6 27 20 26 28
1883 2019-10-27 44 9 41 1 49 5
1884 2019-10-31 38 22 27 24 30 21
1885 2019-11-3 39 48 1 43 40 31
1886 2019-11-7 6 19 44 33 37 2
1887 2019-11-10 10 36 23 12 28 46
1888 2019-11-14 27 17 30 8 13 16
1889 2019-11-17 11 17 15 49 33 6
1890 2019-11-21 4 42 46 43 5 35
1891 2019-11-24 13 37 44 25 21 49
1892 2019-11-28 40 4 8 10 1 12
1893 2019-12-1 40 22 5 33 2 32
1894 2019-12-1 28 39 40 25 32 31
1895 2019-12-5 28 36 33 22 43 37
1896 2019-12-8 43 45 34 27 12 23
1897 2019-12-12 17 2 47 40 22 19
1898 2019-12-15 34 41 3 12 16 2
1899 2019-12-19 8 5 16 26 31 17
1900 2019-12-22 9 39 16 3 44 24
1901 2019-12-31 25 16 5 46 35 6
1902 2019-12-31 14 17 24 8 21 1
1903 2020-01-05 20 27 26 28 41 3
1904 2020-01-09 30 40 39 36 18 19
1905 2020-01-12 45 4 8 44 27 9
1906 2020-01-16 26 17 19 30 20 23
1907 2020-01-19 28 11 9 24 47 3
1908 2020-01-23 39 13 1 24 32 42
1909 2020-01-26 9 23 28 35 18 45
1910 2020-01-30 44 41 16 13 15 31
