1 7/2/1993 6 11 36 37 43 46
2 14/3/1993 9 24 26 28 34 45
3 4/4/1993 3 5 21 32 34 41
4 17/4/1993 13 21 25 28 39 44
5 2/5/1993 8 10 16 34 47 48
6 16/5/1993 14 16 19 26 38 47
7 30/5/1993 5 13 20 22 23 46
8 13/6/1993 8 13 16 33 46 47
9 26/6/1993 10 11 23 31 33 44
10 10/7/1993 2 10 12 31 45 48
11 24/7/1993 21 25 28 34 45 47
12 8/8/1993 38 17 47 25 30 37
13 15/8/1993 6 7 30 17 2 42
14 22/8/1993 44 20 17 3 38 45
15 29/8/1993 42 30 36 5 4 6
16 5/9/1993 5 14 7 49 35 19
17 12/9/1993 42 28 41 15 22 38
18 19/9/1993 18 4 16 35 2 17
19 3/10/1993 44 48 34 37 4 41
20 17/10/1993 13 7 6 45 29 25
21 24/10/1993 8 22 43 14 34 15
22 31/10/1993 14 17 47 19 36 12
23 14/11/1993 48 20 6 43 4 35
24 28/11/1993 37 36 17 35 15 8
25 12/12/1993 12 33 41 7 34 43
26 19/12/1993 49 15 46 25 12 32
27 16/1/1994 7 20 27 46 2 33
28 23/1/1994 39 5 6 19 20 2
29 30/1/1994 14 47 40 26 24 36
30 6/2/1994 45 10 18 43 35 11
31 13/2/1994 38 29 49 47 8 3
32 20/2/1994 16 42 33 4 38 7
33 13/3/1994 22 39 35 29 44 46
34 20/3/1994 34 9 10 19 2 47
35 27/3/1994 11 8 25 13 3 38
36 2/4/1994 38 49 36 20 19 5
37 10/4/1994 49 42 11 45 9 23
38 17/4/1994 23 46 1 35 2 22
39 24/4/1994 10 41 29 25 18 8
40 1/5/1994 19 7 16 18 6 49
41 8/5/1994 15 44 32 21 49 10
42 15/5/1994 29 32 38 24 11 15
43 22/5/1994 10 18 23 40 35 33
44 29/5/1994 37 10 44 27 47 48
45 5/6/1994 34 7 49 14 47 44
46 12/6/1994 43 49 4 36 24 26
47 19/6/1994 46 27 6 31 2 11
48 26/6/1994 27 14 3 43 22 42
49 3/7/1994 47 38 36 19 5 35
50 10/7/1994 41 4 39 13 24 33
51 17/7/1994 18 29 17 48 47 34
52 24/7/1994 33 29 31 23 41 6
53 31/7/1994 29 17 11 14 28 39
54 7/8/1994 35 16 8 47 46 36
55 14/8/1994 36 21 5 47 40 33
56 21/8/1994 25 31 46 39 1 22
57 28/8/1994 20 45 32 23 18 19
58 4/9/1994 29 27 44 43 30 46
59 11/9/1994 28 26 48 37 44 1
60 18/9/1994 1 15 9 45 44 14
61 25/9/1994 41 7 48 3 11 16
62 2/10/1994 5 8 48 2 28 25
63 9/10/1994 49 39 9 42 37 13
64 16/10/1994 10 7 45 2 8 20
65 23/10/1994 48 38 15 45 12 42
66 30/10/1994 4 33 17 45 13 39
67 6/11/1994 16 11 12 14 15 38
68 13/11/1994 28 45 2 7 19 43
69 20/11/1994 25 23 41 40 27 34
70 27/11/1994 18 44 1 43 40 9
71 4/12/1994 3 31 1 28 15 12
72 11/12/1994 38 13 31 28 19 23
73 18/12/1994 49 31 10 43 37 12
74 2/1/1995 25 18 42 36 43 12
75 15/1/1995 20 44 18 48 19 28
76 22/1/1995 41 8 37 22 6 5
77 29/1/1995 41 36 18 23 27 10
78 5/2/1995 38 12 1 2 44 41
79 12/2/1995 1 31 16 4 33 18
80 19/2/1995 23 5 42 18 15 12
81 1/3/1995 12 49 23 18 5 28
82 5/3/1995 39 46 35 43 17 16
83 12/3/1995 36 37 24 48 10 5
84 19/3/1995 13 25 16 14 49 37
85 26/3/1995 4 35 39 22 11 46
86 2/4/1995 19 5 24 9 36 40
87 9/4/1995 3 22 13 5 35 6
88 16/4/1995 16 30 11 4 19 46
89 23/4/1995 34 28 48 32 4 20
90 30/4/1995 30 46 39 19 35 48
91 7/5/1995 36 4 12 20 7 39
92 14/5/1995 32 14 44 34 21 24
93 21/5/1995 29 43 24 8 17 18
94 28/5/1995 13 33 16 1 30 36
95 4/6/1995 42 35 5 26 37 25
96 11/6/1995 36 15 43 19 16 32
97 18/6/1995 38 34 9 24 25 36
98 25/6/1995 20 30 48 29 16 36
99 2/7/1995 43 47 34 4 8 48
100 9/7/1995 45 28 43 40 32 29
101 16/7/1995 31 26 16 10 23 43
102 23/7/1995 27 31 24 40 7 19
103 30/7/1995 32 25 21 6 27 14
104 6/8/1995 16 9 46 41 1 37
105 13/8/1995 24 33 25 44 42 28
106 20/8/1995 28 2 30 16 29 10
107 27/8/1995 45 40 16 6 32 38
108 3/9/1995 28 35 41 34 20 25
109 10/9/1995 10 17 28 32 27 35
110 17/9/1995 22 6 19 3 31 15
111 24/9/1995 31 7 9 40 26 14
112 1/10/1995 13 6 21 41 19 15
113 8/10/1995 45 28 2 34 26 7
114 15/10/1995 39 3 26 38 11 20
115 22/10/1995 28 2 43 47 12 19
116 29/10/1995 8 42 17 12 32 43
117 5/11/1995 10 12 36 42 18 1
118 12/11/1995 21 18 15 35 11 7
119 19/11/1995 21 1 9 16 37 42
120 26/11/1995 18 45 17 23 9 39
121 3/12/1995 39 46 40 41 9 23
122 10/12/1995 41 7 36 33 6 14
123 17/12/1995 5 14 10 9 3 15
124 2/1/1996 28 14 24 20 37 33
125 14/1/1996 4 32 2 20 7 35
126 21/1/1996 12 14 27 5 19 42
127 28/1/1996 7 38 43 18 5 12
128 4/2/1996 11 19 46 20 12 29
129 11/2/1996 30 16 5 22 15 21
130 18/2/1996 37 47 14 6 38 45
131 25/2/1996 19 10 45 17 47 23
132 3/3/1996 28 48 21 35 16 33
133 10/3/1996 45 18 12 25 9 22
134 17/3/1996 22 32 13 46 5 10
135 24/3/1996 40 34 7 46 41 27
136 31/3/1996 27 17 40 48 30 44
137 7/4/1996 25 38 3 9 46 47
138 14/4/1996 21 38 36 31 15 11
139 21/4/1996 5 25 42 46 26 15
140 28/4/1996 25 10 18 8 31 44
141 5/5/1996 4 14 13 32 35 19
142 12/5/1996 11 16 22 35 20 23
143 19/5/1996 14 38 34 49 37 42
144 26/5/1996 10 29 21 19 31 26
145 2/6/1996 44 23 49 43 15 16
146 9/6/1996 1 35 27 9 14 36
147 16/6/1996 49 40 23 16 26 24
148 23/6/1996 15 22 19 2 29 31
149 30/6/1996 33 14 41 2 46 21
150 7/7/1996 41 8 9 12 2 44
151 14/7/1996 27 6 9 13 43 18
152 21/7/1996 36 10 37 16 23 46
153 28/7/1996 39 32 25 17 9 42
154 4/8/1996 8 40 48 15 17 14
155 11/8/1996 14 46 16 49 17 1
156 18/8/1996 29 28 1 5 48 47
157 25/8/1996 44 1 25 20 46 34
158 1/9/1996 36 13 19 15 11 3
159 8/9/1996 20 39 30 1 32 2
160 15/9/1996 20 5 1 8 36 7
161 22/9/1996 18 4 3 37 35 25
162 29/9/1996 28 4 8 29 32 20
163 6/10/1996 36 13 47 27 44 7
164 13/10/1996 27 23 31 34 17 25
165 20/10/1996 7 2 43 42 13 5
166 27/10/1996 40 20 17 39 34 9
167 3/11/1996 16 48 49 45 34 15
168 10/11/1996 34 22 24 12 10 37
169 17/11/1996 23 32 46 6 27 14
170 24/11/1996 3 15 13 35 36 5
171 1/12/1996 21 45 5 7 37 48
172 8/12/1996 47 20 3 16 33 35
173 15/12/1996 31 15 38 46 23 10
174 22/12/1996 35 48 49 23 14 29
175 2/1/1997 26 25 23 5 13 35
176 12/1/1997 2 24 20 18 10 29
177 19/1/1997 9 43 42 33 12 23
178 26/1/1997 24 27 23 33 18 29
179 2/2/1997 17 11 1 20 13 23
180 9/2/1997 7 48 43 4 17 45
181 16/2/1997 18 17 28 8 20 5
182 23/2/1997 39 18 33 15 20 23
183 2/3/1997 42 36 6 10 17 16
184 9/3/1997 29 27 37 38 1 12
185 16/3/1997 12 9 23 46 19 37
186 23/3/1997 5 13 33 37 16 22
187 30/3/1997 5 11 28 18 39 27
188 6/4/1997 5 49 22 8 24 16
189 13/4/1997 1 41 6 25 31 14
190 20/4/1997 25 3 8 24 2 27
191 29/4/1997 1 13 45 20 21 12
192 4/5/1997 43 33 42 46 17 7
193 11/5/1997 31 45 16 29 32 28
194 18/5/1997 20 26 42 36 49 9
195 25/5/1997 14 15 11 46 41 16
196 1/6/1997 19 23 32 18 36 15
197 8/6/1997 26 37 30 27 23 39
198 15/6/1997 45 17 14 29 39 27
199 22/6/1997 46 43 9 40 4 34
200 29/6/1997 38 35 48 9 34 37
201 6/7/1997 23 16 17 9 15 26
202 13/7/1997 33 32 9 1 42 3
203 20/7/1997 14 28 10 24 2 11
204 27/7/1997 4 44 20 10 7 11
205 3/8/1997 24 42 2 30 26 28
206 10/8/1997 2 48 9 34 42 8
207 17/8/1997 46 37 3 43 34 30
208 24/8/1997 46 13 48 29 39 3
209 31/8/1997 38 49 22 34 46 14
210 7/9/1997 19 46 13 9 15 14
211 14/9/1997 40 21 47 2 31 45
212 21/9/1997 20 26 43 17 41 38
213 28/9/1997 43 17 22 20 34 23
214 5/10/1997 25 19 12 45 49 5
215 12/10/1997 48 1 43 32 26 24
216 19/10/1997 41 42 13 4 3 49
217 26/10/1997 26 10 4 36 25 46
218 2/11/1997 30 1 46 28 48 45
219 9/11/1997 30 3 37 5 20 2
220 16/11/1997 31 22 29 13 15 21
221 23/11/1997 38 6 34 35 15 46
222 30/11/1997 30 1 42 3 18 49
223 7/12/1997 4 16 39 29 45 11
224 14/12/1997 27 42 31 6 9 21
225 21/12/1997 24 12 46 6 26 27
226 4/1/1998 17 23 5 35 34 24
227 11/1/1998 27 32 20 28 29 12
228 18/1/1998 16 33 21 8 23 43
229 25/1/1998 26 46 1 27 30 13
230 1/2/1998 23 10 48 44 19 18
231 8/2/1998 42 2 4 21 1 29
232 15/2/1998 5 33 36 31 39 46
233 22/2/1998 24 35 23 7 15 38
234 1/3/1998 17 34 11 2 45 30
235 8/3/1998 33 14 49 46 36 45
236 15/3/1998 49 35 33 24 36 43
237 22/3/1998 4 48 27 26 30 44
238 29/3/1998 39 13 23 4 8 29
239 5/4/1998 8 7 18 25 41 12
240 12/4/1998 47 11 25 15 40 7
241 21/4/1998 9 26 43 5 7 24
242 26/4/1998 22 1 45 34 15 26
243 3/5/1998 33 22 49 31 35 10
244 10/5/1998 43 40 48 5 11 29
245 17/5/1998 21 44 13 5 9 41
246 24/5/1998 20 8 43 46 48 26
247 31/5/1998 11 33 46 15 4 44
248 7/6/1998 44 32 45 21 31 37
249 14/6/1998 33 43 5 29 47 21
250 21/6/1998 16 5 17 13 4 28
251 28/6/1998 48 30 15 22 5 35
252 5/7/1998 21 43 17 14 12 11
253 12/7/1998 16 22 13 20 6 1
254 19/7/1998 9 18 11 49 21 29
255 26/7/1998 28 5 8 17 13 24
256 2/8/1998 39 29 15 33 23 7
257 9/8/1998 47 29 36 42 25 20
258 16/8/1998 34 25 3 43 33 6
259 23/8/1998 15 23 21 29 44 6
260 30/8/1998 49 18 30 10 22 27
261 6/9/1998 15 27 35 17 7 44
262 13/9/1998 22 44 42 10 14 49
263 20/9/1998 20 3 9 39 24 11
264 27/9/1998 18 3 26 16 13 5
265 4/10/1998 40 45 24 33 13 9
266 11/10/1998 13 18 32 38 46 26
267 18/10/1998 22 13 42 36 26 38
268 25/10/1998 31 43 44 13 32 16
269 1/11/1998 6 19 36 25 2 32
270 8/11/1998 7 48 17 26 10 15
271 15/11/1998 13 34 39 28 15 37
272 22/11/1998 12 37 4 30 46 36
273 29/11/1998 30 22 19 34 32 15
274 6/12/1998 25 16 27 33 26 22
275 13/12/1998 28 8 43 31 18 24
276 20/12/1998 19 36 48 23 41 29
277 3/1/1999 13 12 18 38 25 33
278 10/1/1999 11 36 41 38 43 18
279 17/1/1999 12 45 25 18 30 21
280 24/1/1999 37 10 35 41 20 43
281 31/1/1999 23 28 36 3 2 38
282 7/2/1999 37 43 38 36 40 20
283 14/2/1999 35 17 48 45 36 1
284 21/2/1999 38 40 43 33 32 29
285 28/2/1999 10 15 3 43 37 28
286 7/3/1999 13 26 45 2 11 31
287 14/3/1999 48 24 29 23 7 32
288 21/3/1999 47 9 41 2 30 10
289 28/3/1999 30 17 49 27 3 5
290 4/4/1999 11 31 35 18 7 22
291 13/4/1999 17 26 1 29 6 10
292 18/4/1999 49 29 45 31 39 26
293 25/4/1999 8 42 6 47 2 20
294 2/5/1999 3 24 27 29 26 23
295 9/5/1999 24 2 13 30 26 27
296 16/5/1999 36 33 26 3 10 14
297 23/5/1999 26 33 38 30 3 23
298 30/5/1999 44 20 25 16 31 24
299 6/6/1999 23 17 9 44 11 31
300 13/6/1999 49 26 24 19 11 15
301 20/6/1999 18 6 32 30 24 40
302 27/6/1999 49 27 26 41 16 31
303 4/7/1999 12 13 15 38 43 34
304 11/7/1999 24 8 10 13 28 44
305 18/7/1999 14 20 24 9 4 39
306 25/7/1999 16 20 39 49 28 22
307 1/8/1999 48 25 2 22 31 43
308 8/8/1999 21 34 18 32 35 10
309 15/8/1999 30 27 9 40 44 7
310 22/8/1999 49 16 6 43 36 9
311 29/8/1999 14 23 22 30 6 15
312 5/9/1999 12 46 49 47 35 45
313 12/9/1999 46 17 8 26 15 23
314 19/9/1999 33 37 19 47 22 26
315 26/9/1999 49 46 26 12 22 39
316 3/10/1999 13 19 33 42 3 28
317 10/10/1999 18 24 17 46 41 12
318 17/10/1999 45 48 33 5 9 15
319 24/10/1999 35 47 6 20 5 45
320 31/10/1999 27 38 34 11 5 47
321 7/11/1999 36 40 8 33 5 49
322 14/11/1999 25 47 43 6 18 20
323 21/11/1999 6 23 2 43 13 40
324 28/11/1999 31 10 39 11 35 29
325 5/12/1999 18 38 41 33 6 7
326 12/12/1999 39 38 26 24 18 16
327 19/12/1999 31 37 32 38 22 13
328 26/12/1999 12 32 4 30 41 33
329 2/1/2000 13 8 15 2 1 37
330 9/1/2000 33 29 39 17 41 13
331 16/1/2000 16 7 22 13 1 6
332 23/1/2000 46 41 17 6 29 2
333 30/1/2000 14 4 13 34 12 40
334 6/2/2000 8 12 42 6 20 29
335 13/2/2000 2 47 23 48 33 8
336 20/2/2000 23 44 6 5 45 11
337 27/2/2000 23 12 36 38 41 17
338 5/3/2000 8 48 28 23 7 17
339 12/3/2000 36 49 16 2 47 19
340 19/3/2000 23 37 42 47 21 48
341 26/3/2000 30 11 23 1 6 43
342 2/4/2000 5 10 25 18 35 27
343 9/4/2000 3 31 22 35 40 18
344 16/4/2000 43 34 7 30 28 3
345 23/4/2000 3 20 45 42 11 31
346 30/4/2000 19 30 33 31 1 41
347 7/5/2000 30 37 33 34 29 16
348 14/5/2000 5 4 27 3 41 37
349 21/5/2000 25 28 39 40 17 37
350 28/5/2000 12 6 46 37 47 17
351 4/6/2000 49 23 13 10 8 38
352 11/6/2000 45 7 36 24 21 25
353 18/6/2000 48 9 32 20 17 6
354 25/6/2000 4 3 13 31 34 49
355 2/7/2000 29 43 36 4 30 47
356 9/7/2000 11 16 27 3 45 4
357 16/7/2000 11 40 47 22 9 48
358 23/7/2000 4 23 20 2 14 43
359 30/7/2000 45 23 16 35 24 1
360 6/8/2000 12 18 29 49 9 11
361 13/8/2000 35 47 26 16 18 48
362 20/8/2000 34 35 25 2 8 10
363 27/8/2000 1 36 38 29 15 21
364 3/9/2000 33 22 3 2 34 11
365 10/9/2000 17 29 14 46 11 23
366 17/9/2000 4 12 47 26 11 17
367 24/9/2000 20 18 10 38 22 41
368 1/10/2000 15 33 23 9 47 24
369 8/10/2000 30 25 1 5 18 9
370 15/10/2000 13 4 11 8 9 27
371 22/10/2000 15 14 36 21 11 9
372 29/10/2000 44 9 7 34 33 29
373 5/11/2000 23 32 37 27 46 39
374 12/11/2000 37 20 21 32 6 44
375 19/11/2000 3 46 26 36 17 10
376 26/11/2000 46 36 47 6 25 38
377 3/12/2000 31 47 29 40 7 5
378 10/12/2000 17 36 45 47 19 10
379 17/12/2000 27 21 31 4 19 35
380 24/12/2000 13 16 34 15 17 9
381 2/1/2001 16 46 18 15 25 31
382 7/1/2001 18 47 45 20 9 39
383 14/1/2001 30 7 2 32 49 12
384 21/1/2001 40 14 13 26 19 32
385 28/1/2001 7 11 20 10 32 21
386 4/2/2001 14 24 39 21 36 43
387 11/2/2001 39 15 20 16 21 19
388 18/2/2001 34 6 32 29 4 19
389 25/2/2001 32 4 1 40 38 25
390 4/3/2001 8 38 27 16 19 40
391 11/3/2001 42 7 14 15 21 12
392 18/3/2001 22 36 2 41 1 9
393 25/3/2001 9 26 7 39 18 15
394 1/4/2001 43 32 30 16 48 15
395 8/4/2001 43 44 36 23 34 21
396 15/4/2001 5 6 9 44 8 34
397 22/4/2001 6 36 14 18 19 21
398 29/4/2001 46 38 12 41 30 10
399 6/5/2001 34 17 44 13 47 12
400 13/5/2001 24 33 3 37 26 32
401 20/5/2001 3 41 47 14 23 8
402 27/5/2001 19 47 28 38 29 9
403 3/6/2001 10 3 9 39 12 14
404 10/6/2001 19 22 16 17 42 33
405 17/6/2001 12 24 28 44 17 39
406 24/6/2001 43 44 48 3 46 41
407 1/7/2001 49 17 41 13 27 8
408 8/7/2001 18 42 8 23 21 22
409 15/7/2001 1 42 36 29 25 30
410 22/7/2001 30 40 42 22 19 13
411 29/7/2001 12 2 47 23 34 32
412 5/8/2001 30 43 22 13 49 32
413 12/8/2001 45 26 47 22 18 17
414 19/8/2001 34 41 33 47 23 35
415 26/8/2001 27 16 10 21 22 38
416 2/9/2001 2 1 13 42 25 3
417 9/9/2001 6 8 40 41 43 9
418 16/9/2001 26 23 29 41 15 39
419 23/9/2001 28 33 18 16 45 9
420 30/9/2001 35 47 40 37 15 39
421 7/10/2001 18 15 33 41 49 46
422 14/10/2001 31 45 44 27 20 42
423 21/10/2001 44 45 29 1 37 21
424 28/10/2001 41 18 33 39 35 28
425 4/11/2001 4 23 32 10 30 13
426 11/11/2001 2 37 1 33 40 23
427 18/11/2001 16 21 23 25 15 3
428 25/11/2001 39 22 49 33 40 30
429 2/12/2001 43 25 16 30 32 27
430 9/12/2001 46 4 24 22 2 40
431 16/12/2001 23 34 48 42 33 19
432 23/12/2001 29 40 8 2 22 1
433 2/1/2002 14 18 29 47 28 1
434 6/1/2002 26 39 6 25 14 16
435 13/1/2002 10 31 33 43 45 41
436 20/1/2002 24 29 35 5 43 30
437 27/1/2002 13 49 47 15 5 35
438 3/2/2002 4 30 39 14 20 42
439 10/2/2002 43 32 39 42 36 14
440 17/2/2002 22 36 47 34 16 3
441 24/2/2002 32 6 17 36 30 27
442 3/3/2002 38 49 48 32 26 24
443 10/3/2002 11 27 41 14 7 22
444 17/3/2002 5 34 47 45 9 1
445 24/3/2002 44 10 21 37 36 24
446 31/3/2002 24 47 32 33 44 22
447 7/4/2002 47 13 4 44 39 29
448 14/4/2002 14 48 5 9 11 34
449 21/4/2002 22 21 25 2 1 49
450 28/4/2002 38 3 6 12 43 40
451 5/5/2002 7 35 48 47 40 17
452 12/5/2002 44 45 36 32 33 28
453 19/5/2002 1 42 7 4 9 10
454 26/5/2002 47 19 38 1 48 21
455 2/6/2002 2 27 19 6 10 30
456 9/6/2002 31 25 29 10 20 24
457 16/6/2002 33 45 22 39 14 27
458 23/6/2002 41 47 12 5 31 18
459 30/6/2002 34 27 33 48 41 49
460 7/7/2002 6 36 1 18 34 33
461 14/7/2002 29 5 21 6 10 38
462 21/7/2002 41 5 28 39 47 9
463 28/7/2002 1 20 36 11 3 28
464 4/8/2002 29 21 14 32 46 23
465 11/8/2002 6 48 9 12 36 10
466 18/8/2002 44 28 47 15 7 38
467 25/8/2002 19 18 28 8 22 31
468 1/9/2002 4 16 37 20 1 43
469 8/9/2002 31 48 45 47 6 17
470 15/9/2002 36 15 14 8 38 12
471 22/9/2002 33 7 43 29 13 37
472 29/9/2002 21 14 3 44 4 24
473 6/10/2002 27 35 7 20 6 24
474 13/10/2002 48 38 25 6 37 22
475 20/10/2002 15 30 44 17 5 48
476 27/10/2002 38 15 44 13 11 41
477 3/11/2002 27 46 11 17 49 21
478 10/11/2002 24 22 9 47 8 38
479 17/11/2002 6 44 27 29 24 47
480 24/11/2002 27 24 7 17 34 4
481 1/12/2002 30 24 32 37 16 3
482 8/12/2002 8 2 5 14 10 25
483 15/12/2002 15 32 11 38 18 41
484 22/12/2002 6 47 44 11 22 8
485 31/12/2002 8 42 32 41 16 3
486 12/1/2003 38 8 23 24 27 1
487 19/1/2003 45 2 30 24 23 28
488 26/1/2003 38 36 16 26 18 41
489 2/2/2003 35 26 49 45 40 22
490 9/2/2003 31 6 37 18 10 16
491 16/2/2003 7 26 47 48 24 33
492 23/2/2003 12 19 23 37 42 14
493 2/3/2003 9 18 46 6 10 28
494 9/3/2003 20 38 15 33 30 8
495 16/3/2003 33 28 13 31 45 18
496 23/3/2003 43 14 19 31 15 18
497 30/3/2003 29 31 46 3 2 21
498 6/4/2003 29 28 7 12 43 40
499 13/4/2003 39 12 5 19 41 38
500 20/4/2003 2 38 23 48 8 12
501 27/4/2003 26 45 13 39 35 11
502 4/5/2003 10 48 32 47 13 44
503 11/5/2003 8 13 14 9 22 21
504 18/5/2003 15 2 8 9 44 36
505 25/5/2003 2 20 29 47 4 12
506 1/6/2003 29 33 16 14 1 48
507 8/6/2003 14 30 13 38 39 9
508 15/6/2003 17 41 44 34 30 24
509 22/6/2003 14 37 46 38 27 10
510 29/6/2003 12 15 18 33 45 40
511 6/7/2003 36 25 20 12 48 43
512 13/7/2003 45 15 20 22 41 25
513 20/7/2003 5 4 24 34 9 8
514 27/7/2003 33 30 2 23 32 17
515 3/8/2003 48 1 14 17 12 44
516 10/8/2003 14 49 47 6 24 39
517 17/8/2003 30 23 15 9 5 48
518 24/8/2003 7 5 4 40 48 28
519 31/8/2003 29 24 40 38 17 33
520 7/9/2003 47 2 5 1 45 15
521 14/9/2003 36 9 4 41 28 13
522 21/9/2003 46 14 16 2 22 19
523 28/9/2003 46 49 1 17 42 23
524 5/10/2003 27 42 3 13 46 38
525 12/10/2003 43 28 9 24 2 18
526 19/10/2003 16 13 24 43 26 4
527 26/10/2003 14 48 20 37 38 5
528 2/11/2003 6 40 46 45 30 29
529 9/11/2003 40 18 46 22 41 45
530 16/11/2003 18 2 3 33 27 21
531 23/11/2003 19 17 27 3 31 15
532 30/11/2003 4 32 9 29 11 10
533 7/12/2003 12 45 42 27 23 20
534 14/12/2003 27 42 44 24 41 2
535 21/12/2003 36 17 8 37 44 20
536 4/1/2004 3 2 35 45 37 31
537 11/1/2004 32 36 28 11 24 25
538 18/1/2004 34 12 11 26 42 13
539 25/1/2004 6 20 9 10 49 43
540 1/2/2004 14 42 37 40 31 6
541 8/2/2004 5 33 3 48 6 15
542 15/2/2004 38 6 31 33 8 7
543 22/2/2004 12 7 32 10 13 22
544 29/2/2004 23 10 13 17 30 20
545 7/3/2004 40 47 27 34 16 8
546 14/3/2004 26 21 41 36 44 12
547 21/3/2004 34 3 39 4 27 37
548 28/3/2004 17 10 46 11 13 19
549 4/4/2004 38 45 5 15 24 1
550 11/4/2004 28 9 24 17 5 12
551 18/4/2004 35 12 42 44 14 40
552 25/4/2004 13 15 6 29 3 11
553 2/5/2004 31 39 32 6 49 46
554 9/5/2004 11 9 6 32 41 38
555 16/5/2004 33 8 43 24 7 36
556 23/5/2004 24 44 27 5 41 6
557 30/5/2004 23 19 36 21 37 38
558 6/6/2004 30 1 7 20 28 29
559 13/6/2004 10 23 37 12 14 9
560 20/6/2004 3 49 48 27 28 2
561 27/6/2004 37 13 32 31 49 29
562 4/7/2004 36 4 12 17 8 5
563 11/7/2004 18 17 36 5 11 23
564 18/7/2004 32 3 46 36 27 13
565 25/7/2004 30 26 44 5 14 8
566 1/8/2004 27 49 32 6 48 25
567 8/8/2004 9 44 19 37 25 2
568 15/8/2004 43 13 32 31 22 1
569 22/8/2004 20 9 12 41 27 42
570 29/8/2004 40 32 23 30 49 1
571 5/9/2004 16 28 4 26 1 34
572 12/9/2004 48 20 49 2 3 19
573 19/9/2004 27 43 42 1 3 28
574 26/9/2004 8 36 37 11 29 48
575 3/10/2004 42 29 6 13 44 22
576 10/10/2004 28 10 46 40 25 24
577 17/10/2004 44 14 10 3 22 16
578 24/10/2004 17 19 44 23 26 16
579 31/10/2004 29 7 46 12 6 11
580 7/11/2004 31 37 17 49 29 43
581 14/11/2004 33 29 40 21 16 11
582 21/11/2004 4 30 2 49 34 32
583 28/11/2004 30 45 24 26 36 19
584 5/12/2004 15 11 23 22 26 12
585 12/12/2004 29 14 43 7 36 4
586 19/12/2004 28 16 15 26 44 36
587 2/1/2005 4 35 34 1 30 9
588 9/1/2005 11 6 17 3 49 31
589 16/1/2005 30 19 48 42 17 13
590 23/1/2005 29 12 21 46 33 5
591 30/1/2005 3 34 5 39 21 16
592 6/2/2005 29 20 26 25 24 48
593 13/2/2005 41 46 36 14 17 21
594 20/2/2005 46 21 39 2 24 30
595 27/2/2005 12 47 33 4 41 3
596 6/3/2005 13 24 15 36 10 32
597 13/3/2005 19 47 22 20 30 48
598 20/3/2005 37 3 17 32 31 26
599 27/3/2005 14 16 18 7 35 38
600 3/4/2005 14 29 24 15 3 22
601 10/4/2005 9 14 34 44 37 8
602 17/4/2005 36 4 27 1 39 43
603 24/4/2005 35 33 32 47 11 29
604 1/5/2005 3 44 33 12 26 43
605 8/5/2005 45 15 47 41 28 7
606 15/5/2005 48 14 41 20 24 17
607 22/5/2005 48 17 39 43 10 29
608 29/5/2005 21 31 34 32 47 4
609 5/6/2005 42 11 17 44 22 3
610 12/6/2005 4 20 45 30 38 19
611 19/6/2005 14 49 26 31 36 38
612 26/6/2005 44 30 23 39 29 34
613 3/7/2005 41 15 44 3 23 40
614 10/7/2005 39 2 48 12 20 37
615 17/7/2005 12 26 1 35 2 19
616 24/7/2005 45 26 8 1 19 42
617 31/7/2005 17 40 28 8 1 29
618 7/8/2005 15 48 12 13 10 11
619 14/8/2005 34 32 1 16 37 5
620 21/8/2005 9 28 23 21 16 27
621 28/8/2005 23 12 14 31 16 1
622 4/9/2005 13 27 34 29 15 24
623 11/9/2005 2 28 1 41 20 42
624 18/9/2005 12 29 6 11 40 36
625 25/9/2005 45 1 11 3 27 48
626 2/10/2005 11 46 7 26 8 27
627 9/10/2005 36 2 37 44 41 22
628 16/10/2005 36 15 43 7 38 41
629 23/10/2005 16 29 28 33 6 24
630 30/10/2005 43 13 29 30 23 18
631 6/11/2005 24 44 41 5 49 2
632 13/11/2005 35 17 18 44 26 39
633 20/11/2005 24 42 13 44 2 9
634 27/11/2005 35 49 33 8 3 20
635 4/12/2005 14 29 41 13 46 25
636 11/12/2005 20 10 4 49 22 7
637 18/12/2005 15 36 37 1 47 17
638 1/1/2006 15 41 35 17 7 20
639 8/1/2006 49 14 33 1 42 34
640 15/1/2006 13 24 43 28 22 29
641 22/1/2006 3 37 34 41 43 9
642 29/1/2006 12 25 49 18 11 6
643 5/2/2006 25 23 15 48 37 36
644 12/2/2006 35 43 20 18 39 25
645 19/2/2006 36 1 31 33 43 46
646 26/2/2006 43 25 49 32 18 33
647 5/3/2006 34 12 43 31 5 15
648 12/3/2006 31 42 46 30 14 44
649 19/3/2006 30 35 3 42 6 46
650 26/3/2006 15 27 19 18 11 16
651 2/4/2006 7 29 3 16 21 34
652 9/4/2006 34 49 18 17 41 45
653 16/4/2006 27 39 10 34 19 28
654 23/4/2006 18 43 30 39 31 20
655 30/4/2006 37 48 28 45 11 46
656 7/5/2006 8 28 41 48 26 44
657 14/5/2006 12 4 45 3 43 25
658 21/5/2006 34 48 29 36 13 1
659 28/5/2006 2 30 29 6 23 45
660 4/6/2006 27 10 19 42 46 12
661 11/6/2006 20 35 13 10 41 31
662 18/6/2006 4 13 2 8 24 11
663 25/6/2006 44 45 10 35 39 28
664 2/7/2006 39 40 41 38 30 5
665 9/7/2006 34 13 32 41 18 26
666 16/7/2006 1 25 36 22 10 11
667 23/7/2006 5 26 21 28 48 33
668 30/7/2006 40 47 8 6 29 37
669 6/8/2006 26 33 23 32 18 13
670 13/8/2006 2 45 20 48 21 12
671 20/8/2006 44 36 2 21 9 13
672 27/8/2006 16 26 31 40 37 33
673 3/9/2006 20 6 22 48 23 19
674 10/9/2006 20 34 1 13 30 38
675 17/9/2006 4 23 21 32 3 37
676 24/9/2006 29 13 36 22 16 47
677 1/10/2006 13 19 49 33 39 16
678 8/10/2006 24 34 16 18 41 2
679 15/10/2006 35 8 46 41 5 37
680 22/10/2006 1 35 47 20 25 46
681 29/10/2006 20 29 34 4 27 9
682 5/11/2006 25 47 42 43 29 5
683 12/11/2006 15 41 22 38 18 20
684 19/11/2006 3 41 35 26 34 21
685 26/11/2006 17 40 28 29 1 19
686 3/12/2006 2 4 3 12 29 20
687 10/12/2006 39 11 48 26 33 30
688 17/12/2006 46 19 16 48 12 3
689 31/12/2006 46 29 8 15 36 10
690 7/1/2007 31 41 37 10 46 25
691 14/1/2007 39 43 21 9 7 22
692 21/1/2007 27 30 47 20 48 10
693 28/1/2007 49 8 26 37 2 36
694 4/2/2007 28 6 33 8 42 20
695 11/2/2007 13 7 1 5 11 27
696 18/2/2007 5 38 35 48 32 15
697 25/2/2007 5 24 13 28 42 14
698 4/3/2007 15 41 29 45 17 22
699 11/3/2007 41 35 13 1 20 12
700 18/3/2007 5 21 18 45 30 42
701 25/3/2007 42 44 17 9 23 7
702 1/4/2007 44 49 43 19 10 21
703 8/4/2007 10 38 40 45 26 44
704 15/4/2007 35 28 6 12 15 27
705 22/4/2007 6 49 16 36 35 17
706 29/4/2007 31 28 36 48 15 39
707 6/5/2007 41 12 22 11 30 44
708 13/5/2007 16 1 44 26 4 19
709 20/5/2007 36 26 42 1 30 18
710 27/5/2007 17 13 21 40 25 42
711 3/6/2007 16 44 5 39 14 15
712 10/6/2007 48 22 18 20 34 3
713 17/6/2007 25 10 26 30 5 48
714 24/6/2007 28 18 11 24 31 39
715 1/7/2007 29 39 15 14 23 9
716 8/7/2007 8 41 46 12 4 17
717 15/7/2007 36 41 44 46 48 10
718 22/7/2007 24 47 46 30 9 23
719 29/7/2007 43 19 13 46 38 42
720 5/8/2007 44 4 38 28 37 35
721 12/8/2007 42 43 18 47 46 44
722 19/8/2007 46 34 45 3 19 30
723 26/8/2007 46 35 42 1 2 34
724 2/9/2007 45 43 44 9 11 31
725 9/9/2007 1 25 22 34 11 24
726 16/9/2007 34 25 41 43 9 5
727 23/9/2007 45 40 28 25 46 32
728 30/9/2007 25 41 39 42 20 23
729 7/10/2007 2 42 31 17 48 12
730 14/10/2007 30 43 32 24 17 33
731 21/10/2007 27 42 21 43 11 16
732 28/10/2007 47 10 15 12 44 23
733 4/11/2007 28 48 12 41 3 42
734 11/11/2007 26 2 47 48 5 18
735 18/11/2007 33 28 21 46 19 10
736 25/11/2007 15 31 40 21 33 8
737 2/12/2007 4 23 6 26 9 25
738 9/12/2007 14 38 46 45 15 20
739 16/12/2007 16 10 41 29 40 24
740 30/12/2007 4 15 42 14 12 40
741 6/1/2008 26 7 48 12 24 11
742 13/1/2008 33 35 23 12 19 25
743 20/1/2008 29 40 45 26 4 46
744 27/1/2008 36 6 47 24 20 2
745 3/2/2008 29 7 34 45 13 28
746 10/2/2008 25 9 27 47 2 12
747 17/2/2008 11 27 35 48 42 31
748 24/2/2008 32 47 42 29 26 9
749 2/3/2008 9 35 39 12 46 18
750 9/3/2008 21 45 29 15 26 27
751 16/3/2008 27 13 16 35 45 11
752 23/3/2008 23 1 30 6 20 46
753 30/3/2008 42 45 43 5 31 46
754 6/4/2008 5 19 25 47 45 38
755 13/4/2008 16 17 5 11 26 39
756 20/4/2008 20 10 38 24 5 19
757 27/4/2008 19 11 36 35 43 30
758 4/5/2008 35 4 30 26 47 3
759 11/5/2008 45 19 16 33 38 26
760 18/5/2008 28 30 9 22 41 4
761 25/5/2008 4 9 3 49 39 19
762 1/6/2008 22 10 31 6 23 8
763 8/6/2008 17 8 32 25 6 33
764 15/6/2008 32 26 5 34 19 3
765 22/6/2008 35 36 25 32 10 48
766 29/6/2008 41 6 17 21 12 35
767 6/7/2008 5 19 2 18 7 20
768 13/7/2008 13 12 3 31 2 37
769 20/7/2008 7 9 43 47 42 31
770 27/7/2008 9 20 33 38 41 4
771 3/8/2008 8 9 48 5 18 46
772 10/8/2008 7 9 37 35 8 46
773 17/8/2008 35 46 34 47 41 37
774 24/8/2008 3 22 21 15 10 41
775 31/8/2008 38 4 26 12 20 13
776 7/9/2008 27 18 2 1 39 45
777 14/9/2008 5 21 34 14 11 35
778 21/9/2008 38 22 14 37 19 23
779 28/9/2008 16 17 24 21 48 32
780 5/10/2008 13 25 8 21 37 44
781 12/10/2008 1 48 24 4 33 3
782 19/10/2008 34 13 33 29 7 49
783 26/10/2008 18 34 32 40 49 46
784 2/11/2008 6 8 37 27 39 5
785 9/11/2008 10 22 2 33 45 11
786 16/11/2008 12 30 36 14 4 45
787 23/11/2008 5 27 6 8 30 48
788 30/11/2008 36 14 4 13 1 29
789 7/12/2008 41 22 13 34 3 27
790 14/12/2008 49 34 7 8 33 16
791 28/12/2008 36 39 22 7 8 28
792 11/1/2009 21 30 11 1 22 46
793 18/1/2009 37 43 41 11 20 7
794 25/1/2009 14 29 39 5 4 23
795 1/2/2009 44 21 7 1 41 34
796 8/2/2009 33 6 25 5 31 49
797 15/2/2009 15 23 9 5 25 28
798 22/2/2009 3 9 20 39 15 46
799 1/3/2009 41 18 11 34 30 21
800 8/3/2009 48 20 26 24 1 9
801 15/3/2009 2 38 29 7 48 26
802 22/3/2009 14 47 21 27 39 45
803 29/3/2009 44 17 7 35 38 16
804 5/4/2009 37 15 22 8 36 2
805 12/4/2009 32 22 3 35 29 17
806 19/4/2009 38 28 1 2 36 42
807 26/4/2009 27 48 19 2 39 25
808 3/5/2009 25 38 34 6 4 15
809 10/5/2009 38 28 13 14 6 33
810 17/5/2009 11 24 46 30 38 19
811 24/5/2009 3 6 27 20 29 48
812 31/5/2009 12 28 36 24 38 22
813 7/6/2009 15 44 19 7 37 30
814 14/6/2009 3 10 24 48 13 47
815 21/6/2009 25 21 46 26 28 11
816 28/6/2009 31 10 16 33 38 8
817 2/7/2009 9 45 10 35 43 13
818 5/7/2009 44 39 18 2 41 22
819 9/7/2009 3 19 39 37 6 4
820 12/7/2009 25 4 6 20 22 44
821 16/7/2009 42 26 44 9 32 5
822 19/7/2009 49 27 42 13 21 15
823 23/7/2009 40 6 3 28 2 42
824 26/7/2009 36 28 41 27 24 43
825 30/7/2009 43 13 38 17 28 31
826 2/8/2009 30 13 46 38 8 33
827 6/8/2009 49 25 17 36 6 21
828 9/8/2009 11 20 45 7 26 4
829 13/8/2009 2 7 39 36 9 33
830 16/8/2009 44 7 5 47 23 36
831 20/8/2009 36 6 42 4 8 5
832 23/8/2009 16 5 18 11 4 9
833 27/8/2009 36 46 39 43 41 25
834 30/8/2009 28 46 45 48 30 19
835 3/9/2009 32 15 3 14 39 43
836 6/9/2009 2 48 30 44 26 18
837 10/9/2009 40 19 5 30 3 32
838 13/9/2009 43 1 33 44 34 31
839 17/9/2009 27 22 1 14 28 17
840 20/9/2009 41 43 16 6 22 48
841 24/9/2009 22 13 6 41 17 43
842 27/9/2009 3 46 5 2 1 22
843 1/10/2009 25 28 48 19 30 10
844 4/10/2009 45 32 1 7 23 44
845 8/10/2009 39 14 31 38 12 21
846 11/10/2009 10 48 9 3 27 22
847 15/10/2009 32 27 33 24 22 12
848 18/10/2009 37 26 15 49 6 10
849 22/10/2009 10 9 22 23 25 16
850 25/10/2009 12 30 39 31 7 46
851 29/10/2009 1 47 33 35 14 8
852 1/11/2009 7 35 25 37 31 15
853 5/11/2009 41 19 40 39 5 4
854 8/11/2009 36 15 8 23 13 43
855 12/11/2009 6 38 45 27 15 33
856 15/11/2009 43 41 37 13 29 47
857 19/11/2009 25 37 5 27 17 19
858 22/11/2009 4 34 49 23 40 48
859 26/11/2009 41 26 38 14 13 32
860 29/11/2009 32 43 4 46 12 35
861 3/12/2009 13 1 10 12 19 2
862 6/12/2009 4 6 13 41 2 44
863 10/12/2009 4 30 35 10 1 25
864 13/12/2009 9 41 37 36 39 49
865 17/12/2009 4 12 18 14 22 37
866 20/12/2009 47 4 28 39 43 16
867 24/12/2009 34 42 8 16 13 15
868 31/12/2009 27 22 35 10 48 23
869 7/1/2010 46 35 40 27 7 24
870 10/1/2010 21 17 45 46 18 1
871 14/1/2010 7 9 47 40 31 17
872 17/1/2010 37 12 38 14 23 22
873 21/1/2010 22 25 27 5 1 23
874 24/1/2010 27 13 34 36 25 48
875 28/1/2010 7 33 45 3 11 18
876 31/1/2010 37 9 35 1 42 29
877 4/2/2010 14 24 33 44 5 16
878 7/2/2010 47 13 28 41 32 27
879 11/2/2010 7 43 27 13 17 42
880 14/2/2010 34 9 28 11 31 21
881 18/2/2010 24 37 19 16 32 17
882 21/2/2010 6 9 40 27 24 17
883 25/2/2010 13 26 5 20 47 43
884 28/2/2010 17 6 5 49 21 31
885 4/3/2010 8 5 20 23 16 25
886 7/3/2010 46 7 12 33 15 26
887 11/3/2010 6 45 17 34 33 27
888 14/3/2010 2 26 5 20 12 37
889 18/3/2010 21 2 24 41 1 12
890 21/3/2010 29 45 25 7 2 44
891 25/3/2010 19 7 1 23 44 22
892 28/3/2010 4 6 8 45 48 39
893 1/4/2010 15 25 7 19 9 47
894 4/4/2010 27 15 34 36 7 25
895 8/4/2010 45 32 36 9 48 31
896 11/4/2010 49 34 33 10 48 43
897 15/4/2010 46 12 36 37 35 13
898 18/4/2010 14 42 37 41 47 49
899 22/4/2010 44 22 8 29 1 36
900 25/4/2010 40 3 13 18 16 30
901 29/4/2010 19 15 43 34 26 22
902 2/5/2010 14 37 48 44 11 22
903 6/5/2010 23 7 15 31 43 28
904 9/5/2010 2 17 1 28 21 44
905 13/5/2010 37 9 5 24 12 21
906 16/5/2010 48 23 19 4 29 24
907 20/5/2010 47 46 3 4 33 8
908 23/5/2010 13 16 24 22 25 4
909 27/5/2010 34 30 49 1 15 44
910 30/5/2010 32 34 7 22 37 31
911 3/6/2010 13 33 16 25 1 9
912 6/6/2010 20 7 1 33 19 43
913 10/6/2010 46 28 17 44 20 22
914 13/6/2010 3 14 10 47 2 26
915 17/6/2010 42 36 15 48 35 32
916 20/6/2010 20 44 45 12 19 9
917 24/6/2010 44 49 47 30 12 13
918 27/6/2010 11 46 10 33 5 6
919 1/7/2010 36 1 34 35 27 38
920 4/7/2010 12 40 30 29 9 5
921 8/7/2010 6 43 11 10 7 13
922 11/7/2010 12 41 31 23 48 44
923 15/7/2010 26 49 34 1 12 14
924 18/7/2010 10 42 43 34 45 36
925 22/7/2010 29 33 6 4 42 12
926 25/7/2010 14 44 40 30 22 5
927 29/7/2010 23 42 49 1 41 3
928 1/8/2010 10 3 31 47 28 38
929 5/8/2010 14 31 16 24 1 27
930 8/8/2010 49 41 3 26 7 31
931 12/8/2010 14 42 37 4 33 20
932 15/8/2010 40 48 34 19 21 44
933 19/8/2010 38 14 23 34 17 42
934 22/8/2010 43 8 32 2 1 27
935 26/8/2010 6 24 20 9 38 36
936 29/8/2010 28 21 12 7 23 11
937 2/9/2010 15 38 45 9 29 28
938 5/9/2010 25 39 37 20 38 3
939 9/9/2010 49 35 44 26 7 18
940 12/9/2010 13 12 33 29 5 17
941 16/9/2010 5 47 41 13 12 6
942 19/9/2010 10 27 37 30 16 13
943 23/9/2010 15 31 30 39 7 25
944 26/9/2010 2 18 1 42 17 7
945 30/9/2010 40 48 4 12 30 7
946 3/10/2010 38 2 5 25 27 11
947 7/10/2010 39 26 38 5 36 6
948 10/10/2010 1 26 12 23 44 35
949 14/10/2010 13 43 6 20 3 23
950 17/10/2010 29 31 37 36 16 41
951 21/10/2010 31 45 8 18 38 19
952 24/10/2010 6 19 40 49 45 30
953 28/10/2010 5 27 43 22 20 13
954 31/10/2010 46 18 33 40 7 24
955 4/11/2010 19 1 22 38 18 39
956 7/11/2010 20 22 32 36 33 5
957 11/11/2010 5 8 45 11 22 9
958 14/11/2010 19 23 12 17 4 16
959 18/11/2010 29 11 15 7 5 9
960 21/11/2010 32 39 38 36 27 35
961 25/11/2010 11 43 2 28 48 42
962 28/11/2010 32 4 3 45 36 43
963 2/12/2010 4 39 23 1 5 47
964 5/12/2010 39 7 21 31 4 9
965 9/12/2010 25 32 48 31 47 39
966 12/12/2010 13 33 37 36 34 21
967 16/12/2010 33 42 43 45 1 37
968 19/12/2010 15 41 21 33 49 34
969 23/12/2010 25 19 24 13 14 41
970 30/12/2010 42 29 37 5 43 20
971 31/12/2010 8 33 36 34 9 5
972 6/1/2011 38 7 17 13 25 24
973 9/1/2011 14 6 13 46 37 9
974 13/1/2011 41 18 47 29 45 21
975 16/1/2011 18 12 7 46 4 33
976 20/1/2011 45 7 9 34 25 11
977 23/1/2011 36 37 17 4 12 26
978 27/1/2011 29 9 5 30 27 34
979 30/1/2011 12 35 29 19 1 23
980 3/2/2011 31 15 4 35 18 24
981 6/2/2011 47 46 34 22 26 6
982 10/2/2011 37 33 29 23 14 30
983 13/2/2011 31 20 39 22 13 18
984 17/2/2011 33 21 24 1 28 5
985 20/2/2011 9 40 18 42 16 32
986 24/2/2011 8 19 46 31 15 11
987 27/2/2011 8 33 24 29 7 48
988 3/3/2011 9 7 26 44 39 35
989 6/3/2011 7 48 40 37 19 38
990 10/3/2011 20 9 48 14 12 35
991 13/3/2011 39 48 1 20 23 21
992 17/3/2011 18 35 6 36 3 48
993 20/3/2011 29 34 24 6 14 1
994 24/3/2011 28 40 27 29 30 9
995 27/3/2011 29 34 3 4 5 27
996 31/3/2011 1 31 27 17 4 32
997 3/4/2011 27 32 18 2 24 28
998 7/4/2011 4 9 37 8 35 12
999 10/4/2011 45 33 24 25 29 23
1000 14/4/2011 23 45 2 30 37 13
1001 17/4/2011 16 4 17 38 46 36
1002 23/4/2011 36 34 5 9 6 3
1003 24/4/2011 40 8 39 26 15 7
1004 28/4/2011 12 7 40 23 4 10
1005 1/5/2011 27 18 40 35 32 26
1006 5/5/2011 11 35 4 39 40 38
1007 8/5/2011 18 16 20 5 38 15
1008 12/5/2011 39 2 1 41 11 25
1009 15/5/2011 28 48 33 9 12 14
1010 19/5/2011 23 20 13 3 9 32
1011 22/5/2011 48 49 14 35 39 28
1012 26/5/2011 1 9 7 18 2 29
1013 29/5/2011 13 34 2 6 11 49
1014 2/6/2011 10 19 32 39 35 13
1015 5/6/2011 4 18 8 22 15 48
1016 9/6/2011 34 43 32 39 17 6
1017 12/6/2011 13 5 41 23 16 48
1018 16/6/2011 41 20 2 46 17 10
1019 19/6/2011 40 21 3 45 49 41
1020 23/6/2011 49 38 32 36 10 22
1021 26/6/2011 42 15 10 16 44 14
1022 30/6/2011 44 48 19 42 49 28
1023 3/7/2011 41 39 8 18 1 4
1024 7/7/2011 33 7 20 24 17 14
1025 10/7/2011 15 38 46 41 32 6
1026 14/7/2011 32 40 31 16 12 13
1027 17/7/2011 15 17 37 48 28 27
1028 21/7/2011 10 42 2 20 35 19
1029 24/7/2011 18 26 45 11 32 28
1030 28/7/2011 2 27 15 36 35 30
1031 31/7/2011 15 29 34 33 22 26
1032 4/8/2011 9 32 16 3 11 17
1033 7/8/2011 43 40 4 44 6 49
1034 11/8/2011 42 6 36 45 37 19
1035 14/8/2011 27 22 32 28 15 14
1036 18/8/2011 8 3 11 1 10 36
1037 21/8/2011 25 17 10 44 45 41
1038 25/8/2011 33 18 41 5 38 3
1039 28/8/2011 10 40 43 13 46 27
1040 1/9/2011 21 40 12 25 35 27
1041 4/9/2011 44 7 14 4 20 22
1042 8/9/2011 11 9 26 10 30 6
1043 11/9/2011 43 19 29 12 38 20
1044 15/9/2011 2 31 33 36 1 18
1045 18/9/2011 26 32 29 8 27 37
1046 22/9/2011 31 26 32 38 45 36
1047 25/9/2011 16 14 19 20 25 13
1048 29/9/2011 28 14 16 24 23 42
1049 2/10/2011 39 18 12 30 25 36
1050 6/10/2011 49 6 14 35 24 3
1051 9/10/2011 40 48 8 38 43 4
1052 13/10/2011 42 5 46 2 43 24
1053 16/10/2011 38 12 3 27 24 35
1054 20/10/2011 43 25 31 7 17 39
1055 23/10/2011 25 27 28 14 22 7
1056 27/10/2011 20 49 21 15 19 2
1057 30/10/2011 27 29 36 19 44 25
1058 3/11/2011 45 40 30 37 43 27
1059 6/11/2011 2 17 33 37 34 42
1060 10/11/2011 11 19 13 6 24 48
1061 13/11/2011 34 20 12 45 9 1
1062 17/11/2011 19 22 45 34 48 32
1063 20/11/2011 47 38 31 44 18 39
1064 24/11/2011 48 26 36 5 25 38
1065 27/11/2011 44 12 26 23 45 43
1066 1/12/2011 25 3 14 36 46 2
1067 4/12/2011 47 11 26 41 28 16
1068 8/12/2011 47 41 22 9 33 3
1069 11/12/2011 41 45 37 14 8 5
1070 15/12/2011 15 7 8 40 33 49
1071 18/12/2011 7 38 30 29 28 21
1072 22/12/2011 42 19 22 5 45 23
1073 30/12/2011 17 43 37 40 29 16
1074 30/12/2011 20 28 38 15 48 37
1075 5/1/2012 9 39 23 36 3 22
1076 8/1/2012 49 32 19 47 42 22
1077 12/1/2012 15 21 4 3 5 8
1078 15/1/2012 14 13 39 45 4 32
1079 19/1/2012 9 29 31 39 3 21
1080 22/1/2012 13 18 31 48 24 19
1081 26/1/2012 23 15 4 31 35 47
1082 29/1/2012 20 42 9 24 12 44
1083 2/2/2012 36 8 34 6 5 49
1084 5/2/2012 14 16 33 19 17 49
1085 9/2/2012 38 41 45 44 8 34
1086 12/2/2012 47 28 40 27 9 34
1087 16/2/2012 39 16 9 8 18 26
1088 19/2/2012 16 34 3 12 28 15
1089 23/2/2012 10 40 42 37 26 27
1090 26/2/2012 10 19 1 16 18 14
1091 1/3/2012 49 42 34 10 19 41
1092 4/3/2012 49 24 44 5 22 38
1093 8/3/2012 10 9 14 43 25 35
1094 11/3/2012 25 15 43 35 36 37
1095 15/3/2012 10 11 2 12 49 39
1096 18/3/2012 3 39 33 40 2 17
1097 22/3/2012 20 24 13 11 31 3
1098 25/3/2012 43 24 36 32 12 19
1099 29/3/2012 5 37 11 36 6 39
1100 1/4/2012 7 14 20 37 43 27
1101 5/4/2012 33 39 23 2 12 24
1102 8/4/2012 4 40 13 27 29 16
1103 15/4/2012 38 29 16 8 28 36
1104 15/4/2012 39 5 46 18 32 37
1105 19/4/2012 1 22 18 47 26 32
1106 22/4/2012 46 18 43 8 20 35
1107 26/4/2012 45 20 35 16 43 13
1108 29/4/2012 27 32 34 15 21 1
1109 3/5/2012 33 22 4 42 17 6
1110 6/5/2012 47 37 17 48 7 41
1111 10/5/2012 48 1 46 2 32 26
1112 13/5/2012 17 3 26 21 29 34
1113 17/5/2012 9 23 41 37 43 4
1114 20/5/2012 43 14 42 49 4 28
1115 24/5/2012 11 2 9 10 38 12
1116 27/5/2012 29 39 33 6 5 26
1117 31/5/2012 42 47 23 20 25 5
1118 3/6/2012 46 38 23 15 18 3
1119 7/6/2012 17 5 16 33 32 27
1120 10/6/2012 25 32 20 28 6 30
1121 14/6/2012 12 37 9 41 15 46
1122 17/6/2012 43 12 2 4 8 39
1123 21/6/2012 2 42 45 33 41 28
1124 24/6/2012 20 30 28 8 5 49
1125 28/6/2012 11 15 19 38 21 44
1126 1/7/2012 33 30 10 47 5 49
1127 5/7/2012 21 24 43 20 13 2
1128 8/7/2012 26 35 38 17 5 23
1129 12/7/2012 32 4 40 44 47 22
1130 15/7/2012 32 1 45 41 44 37
1131 19/7/2012 30 13 12 24 15 19
1132 22/7/2012 48 36 24 21 47 37
1133 26/7/2012 1 12 28 38 16 49
1134 29/7/2012 7 22 9 29 2 32
1135 2/8/2012 13 18 47 14 15 7
1136 5/8/2012 28 49 20 22 8 7
1137 9/8/2012 13 46 36 39 21 35
1138 12/8/2012 25 16 18 20 23 46
1139 16/8/2012 38 30 11 7 5 2
1140 19/8/2012 33 37 31 25 28 8
1141 23/8/2012 21 37 34 29 48 7
1142 26/8/2012 23 30 39 14 40 35
1143 30/8/2012 25 46 4 2 24 10
1144 2/9/2012 21 14 26 19 3 28
1145 6/9/2012 2 33 38 6 36 34
1146 9/9/2012 37 32 30 13 18 4
1147 16/9/2012 9 15 25 30 17 6
1148 16/9/2012 22 19 12 28 29 23
1149 20/9/2012 15 24 46 38 33 3
1150 23/9/2012 14 13 17 38 21 7
1151 27/9/2012 13 49 8 17 28 48
1152 30/9/2012 6 37 34 17 9 14
1153 4/10/2012 16 35 21 14 34 45
1154 7/10/2012 28 16 19 36 46 4
1155 11/10/2012 18 49 20 11 30 9
1156 14/10/2012 43 12 24 36 7 16
1157 18/10/2012 42 18 41 7 35 26
1158 21/10/2012 9 24 2 42 25 28
1159 25/10/2012 22 38 29 37 13 25
1160 28/10/2012 37 11 47 44 31 13
1161 1/11/2012 8 4 48 12 29 33
1162 4/11/2012 37 17 32 21 26 27
1163 8/11/2012 16 5 40 45 14 25
1164 11/11/2012 44 35 34 29 36 32
1165 15/11/2012 12 24 8 30 4 40
1166 18/11/2012 22 28 48 39 20 24
1167 22/11/2012 7 33 26 45 38 43
1168 25/11/2012 12 2 28 32 7 25
1169 29/11/2012 18 1 37 34 43 11
1170 2/12/2012 10 32 37 23 45 39
1171 6/12/2012 47 41 23 10 21 45
1172 9/12/2012 40 11 47 31 38 29
1173 13/12/2012 42 21 24 43 44 2
1174 16/12/2012 38 10 3 4 6 17
1175 20/12/2012 14 47 24 2 13 33
1176 23/12/2012 23 14 39 37 46 8
1177 30/12/2012 6 32 36 46 8 48
1178 30/12/2012 49 16 29 32 48 42
1179 6/1/2013 49 24 10 18 27 23
1180 10/1/2013 39 44 27 31 5 25
1181 13/1/2013 47 33 10 16 27 2
1182 17/1/2013 4 42 46 41 26 37
1183 20/1/2013 6 39 42 44 49 38
1184 24/1/2013 36 27 48 2 6 26
1185 27/1/2013 40 18 25 33 39 43
1186 31/1/2013 40 26 32 22 23 36
1187 3/2/2013 45 46 1 34 8 13
1188 7/2/2013 20 42 39 2 25 28
1189 10/2/2013 3 8 38 25 1 14
1190 14/2/2013 3 4 46 9 44 15
1191 17/2/2013 2 12 19 17 45 26
1192 21/2/2013 27 10 7 34 32 9
1193 24/2/2013 1 14 35 41 7 11
1194 28/2/2013 15 8 21 2 18 45
1195 3/3/2013 48 11 31 8 43 21
1196 7/3/2013 17 5 15 31 42 43
1197 10/3/2013 32 46 9 40 17 29
1198 14/3/2013 22 13 24 3 5 34
1199 17/3/2013 27 28 11 8 12 14
1200 21/3/2013 14 2 23 20 47 49
1201 24/3/2013 16 5 33 4 36 20
1202 28/3/2013 4 5 32 10 22 46
1203 31/3/2013 2 7 46 4 6 16
1204 4/4/2013 6 49 24 16 5 9
1205 7/4/2013 21 35 43 5 7 46
1206 11/4/2013 23 10 25 13 44 39
1207 14/4/2013 13 46 31 35 30 12
1208 18/4/2013 19 16 21 39 7 28
1209 21/4/2013 47 38 10 25 20 15
1210 25/4/2013 37 34 26 18 40 11
1211 28/4/2013 12 36 24 16 43 10
1212 5/5/2013 41 2 27 28 30 42
1213 5/5/2013 6 48 34 12 22 38
1214 9/5/2013 38 28 6 2 22 23
1215 12/5/2013 9 29 45 5 3 11
1216 16/5/2013 35 31 7 27 26 19
1217 19/5/2013 48 21 24 4 39 1
1218 23/5/2013 47 8 6 15 11 26
1219 26/5/2013 4 40 34 17 42 49
1220 30/5/2013 7 11 12 10 46 37
1221 2/6/2013 6 34 36 9 26 16
1222 6/6/2013 6 38 47 34 32 14
1223 9/6/2013 24 44 37 45 8 41
1224 13/6/2013 44 20 48 49 1 25
1225 16/6/2013 17 9 44 21 32 35
1226 20/6/2013 41 8 38 21 9 36
1227 23/6/2013 32 39 17 19 5 47
1228 27/6/2013 2 41 29 43 44 48
1229 30/6/2013 16 25 14 36 8 33
1230 4/7/2013 29 38 44 27 18 17
1231 7/7/2013 11 2 34 36 48 8
1232 11/7/2013 27 23 37 4 30 8
1233 14/7/2013 22 49 18 7 47 6
1234 18/7/2013 38 20 25 40 4 3
1235 21/7/2013 22 29 11 9 2 39
1236 25/7/2013 15 7 6 24 34 28
1237 28/7/2013 41 11 9 45 42 19
1238 1/8/2013 41 12 46 15 40 37
1239 4/8/2013 7 4 10 32 46 45
1240 8/8/2013 17 5 25 20 43 23
1241 11/8/2013 13 21 49 3 40 43
1242 15/8/2013 23 46 18 17 47 15
1243 18/8/2013 43 23 25 3 22 17
1244 22/8/2013 15 32 21 7 23 40
1245 25/8/2013 28 30 49 29 34 25
1246 29/8/2013 8 5 36 3 2 41
1247 1/9/2013 26 44 7 16 25 11
1248 5/9/2013 41 10 28 36 27 16
1249 8/9/2013 6 26 13 24 47 34
1250 15/9/2013 44 2 24 15 48 33
1251 15/9/2013 15 39 44 36 19 33
1252 19/9/2013 33 32 37 41 8 45
1253 22/9/2013 4 46 28 30 49 17
1254 26/9/2013 14 49 36 11 35 8
1255 29/9/2013 7 31 35 12 48 44
1256 3/10/2013 21 41 15 1 37 34
1257 6/10/2013 25 36 29 49 47 31
1258 10/10/2013 35 10 3 33 48 34
1259 13/10/2013 17 13 35 9 30 39
1260 17/10/2013 34 26 2 16 36 43
1261 20/10/2013 40 19 11 37 20 6
1262 24/10/2013 32 1 49 40 30 20
1263 27/10/2013 41 36 10 20 17 12
1264 31/10/2013 37 45 4 25 5 6
1265 3/11/2013 39 32 49 24 25 15
1266 7/11/2013 48 17 49 19 32 29
1267 10/11/2013 25 46 15 4 7 22
1268 14/11/2013 43 16 6 29 25 37
1269 17/11/2013 36 44 28 23 25 21
1270 21/11/2013 13 37 32 21 7 33
1271 24/11/2013 1 40 42 47 25 35
1272 28/11/2013 46 26 43 30 38 21
1273 1/12/2013 26 48 8 2 39 25
1274 5/12/2013 46 6 20 45 32 24
1275 8/12/2013 32 40 22 14 9 18
1276 12/12/2013 17 32 49 37 35 41
1277 15/12/2013 8 34 9 35 18 40
1278 19/12/2013 12 10 1 3 47 35
1279 22/12/2013 3 45 22 48 10 13
1280 30/12/2013 28 21 17 23 4 48
1281 30/12/2013 11 34 30 3 9 5
1282 5/1/2014 33 45 25 10 4 48
1283 9/1/2014 2 33 26 24 12 16
1284 12/1/2014 43 24 39 4 32 7
1285 16/1/2014 1 45 43 48 9 21
1286 19/1/2014 34 29 48 30 4 27
1287 23/1/2014 28 29 18 4 17 16
1288 26/1/2014 29 38 6 25 8 34
1289 30/1/2014 6 37 29 32 18 42
1290 2/2/2014 13 37 25 12 30 46
1291 6/2/2014 2 14 12 3 25 17
1292 9/2/2014 1 9 17 20 22 49
1293 13/2/2014 48 14 12 1 17 23
1294 16/2/2014 4 49 29 23 31 1
1295 20/2/2014 10 12 3 48 36 4
1296 23/2/2014 44 16 27 33 31 11
1297 27/2/2014 30 34 38 4 6 27
1298 2/3/2014 24 21 13 37 39 6
1299 6/3/2014 45 36 11 44 42 16
1300 9/3/2014 44 11 22 5 15 47
1301 13/3/2014 1 46 25 27 17 36
1302 16/3/2014 36 8 22 31 44 12
1303 20/3/2014 31 6 34 4 44 49
1304 23/3/2014 23 2 9 18 33 32
1305 27/3/2014 5 23 13 9 2 4
1306 30/3/2014 45 33 40 21 35 5
1307 3/4/2014 10 38 5 7 14 45
1308 6/4/2014 14 6 33 11 5 49
1309 10/4/2014 46 49 13 8 43 47
1310 13/4/2014 15 48 5 8 30 1
1311 20/4/2014 3 45 26 40 47 32
1312 20/4/2014 5 3 44 26 42 9
1313 24/4/2014 18 46 11 41 5 10
1314 27/4/2014 28 38 23 15 35 3
1315 1/5/2014 1 25 20 17 22 4
1316 4/5/2014 44 49 20 30 15 6
1317 8/5/2014 41 14 48 8 6 49
1318 11/5/2014 37 43 6 46 17 7
1319 15/5/2014 35 39 19 47 43 20
1320 18/5/2014 6 19 47 9 31 36
1321 22/5/2014 13 33 40 9 12 36
1322 25/5/2014 43 33 3 44 29 37
1323 29/5/2014 31 8 2 6 10 19
1324 1/6/2014 31 44 35 32 7 43
1325 5/6/2014 8 31 37 49 2 6
1326 8/6/2014 2 22 30 5 41 27
1327 12/6/2014 49 21 17 32 34 11
1328 15/6/2014 17 23 43 1 28 47
1329 19/6/2014 28 40 19 4 41 14
1330 22/6/2014 24 11 14 44 41 16
1331 26/6/2014 25 10 44 27 31 11
1332 29/6/2014 35 18 12 2 17 7
1333 3/7/2014 38 28 31 15 6 32
1334 6/7/2014 39 11 21 13 47 30
1335 10/7/2014 30 34 11 40 33 19
1336 13/7/2014 13 26 33 27 31 21
1337 17/7/2014 44 25 2 29 46 45
1338 20/7/2014 5 12 38 2 14 48
1339 24/7/2014 20 34 15 7 3 17
1340 27/7/2014 48 11 45 12 30 32
1341 31/7/2014 33 28 19 9 17 10
1342 3/8/2014 4 29 47 1 30 43
1343 7/8/2014 23 3 13 25 19 32
1344 10/8/2014 31 37 27 47 22 45
1345 14/8/2014 8 37 13 25 36 21
1346 17/8/2014 15 1 35 17 11 21
1347 21/8/2014 40 32 45 24 48 26
1348 24/8/2014 21 45 19 38 27 18
1349 28/8/2014 21 34 4 49 9 46
1350 31/8/2014 40 33 29 27 13 39
1351 4/9/2014 8 22 48 27 21 16
1352 7/9/2014 28 3 22 45 39 26
1353 14/9/2014 28 11 14 29 13 33
1354 14/9/2014 19 44 22 23 12 32
1355 18/9/2014 26 41 4 46 30 16
1356 21/9/2014 19 42 1 32 33 47
1357 25/9/2014 25 23 38 46 27 5
1358 28/9/2014 11 24 19 4 41 20
1359 2/10/2014 15 49 28 25 23 47
1360 5/10/2014 12 22 15 31 25 32
1361 9/10/2014 41 5 48 43 21 32
1362 12/10/2014 23 49 17 45 32 24
1363 16/10/2014 29 17 1 46 25 31
1364 19/10/2014 13 19 25 1 15 6
1365 23/10/2014 28 47 38 31 9 40
1366 26/10/2014 33 26 49 22 12 2
1367 30/10/2014 45 5 39 30 24 46
1368 2/11/2014 42 39 48 33 24 41
1369 6/11/2014 20 11 16 36 15 49
1370 9/11/2014 4 36 6 46 32 44
1371 13/11/2014 30 42 23 16 8 39
1372 16/11/2014 30 22 17 6 18 28
1373 20/11/2014 40 36 19 2 18 12
1374 23/11/2014 2 11 32 34 38 28
1375 27/11/2014 23 22 36 6 20 33
1376 30/11/2014 12 34 17 16 20 15
1377 4/12/2014 46 29 35 44 2 4
1378 7/12/2014 47 6 28 36 1 20
1379 11/12/2014 34 35 1 5 36 47
1380 14/12/2014 17 49 22 10 45 33
1381 18/12/2014 2 24 39 16 4 10
1382 21/12/2014 40 28 5 12 19 44
1383 30/12/2014 39 36 47 6 1 3
1384 30/12/2014 22 16 47 34 48 20
1385 11/1/2015 45 16 3 9 34 13
1386 15/1/2015 25 23 45 18 11 36
1387 18/1/2015 35 1 15 27 3 14
1388 22/1/2015 41 36 4 15 32 20
1389 25/1/2015 35 5 16 25 36 9
1390 29/1/2015 13 28 46 35 44 39
1391 1/2/2015 10 27 2 41 45 37
1392 5/2/2015 24 8 3 26 21 25
1393 8/2/2015 19 29 5 34 41 2
1394 12/2/2015 9 25 5 35 40 33
1395 15/2/2015 25 28 9 45 34 43
1396 19/2/2015 43 42 18 2 16 15
1397 22/2/2015 40 18 7 29 33 14
1398 26/2/2015 46 25 42 23 26 16
1399 1/3/2015 21 15 27 37 29 14
1400 1/3/2015 9 46 34 11 18 35
1401 5/3/2015 8 48 22 2 41 27
1402 8/3/2015 3 8 11 26 48 46
1403 12/3/2015 16 1 47 25 26 15
1404 15/3/2015 43 17 34 35 47 3
1405 19/3/2015 6 23 7 30 21 46
1406 22/3/2015 46 36 45 7 35 13
1407 26/3/2015 2 45 27 4 38 48
1408 29/3/2015 22 10 4 6 18 9
1409 2/4/2015 11 38 36 1 27 16
1410 5/4/2015 33 5 30 44 4 27
1411 9/4/2015 18 36 32 49 29 6
1412 12/4/2015 18 25 45 23 27 40
1413 12/4/2015 15 44 16 19 31 23
1414 16/4/2015 26 42 45 8 1 5
1415 19/4/2015 32 44 21 38 35 16
1416 23/4/2015 1 18 10 30 17 44
1417 26/4/2015 46 29 30 1 10 2
1418 30/4/2015 43 19 27 11 14 46
1419 3/5/2015 45 8 5 37 19 1
1420 7/5/2015 3 48 14 47 9 16
1421 10/5/2015 4 25 6 17 48 14
1422 14/5/2015 30 21 38 33 8 11
1423 17/5/2015 16 19 48 25 32 10
1424 21/5/2015 34 1 17 10 39 18
1425 24/5/2015 32 25 45 43 40 2
1426 28/5/2015 46 41 12 44 39 22
1427 31/5/2015 14 35 29 8 23 21
1428 4/6/2015 24 38 26 28 7 17
1429 7/6/2015 47 30 45 37 12 17
1430 11/6/2015 32 17 46 5 48 33
1431 14/6/2015 28 23 24 45 10 37
1432 18/6/2015 38 37 1 33 41 15
1433 21/6/2015 11 34 1 7 37 18
1434 25/6/2015 18 37 8 43 26 45
1435 28/6/2015 38 6 36 22 48 47
1436 2/7/2015 36 30 20 4 5 10
1437 5/7/2015 27 4 47 15 10 41
1438 9/7/2015 19 17 5 2 41 28
1439 12/7/2015 45 13 15 32 2 23
1440 16/7/2015 43 48 31 33 24 45
1441 19/7/2015 37 33 10 43 49 40
1442 23/7/2015 16 48 46 36 42 26
1443 26/7/2015 48 43 38 6 10 36
1444 30/7/2015 34 25 44 18 39 24
1445 2/8/2015 1 27 14 23 30 40
1446 6/8/2015 35 16 14 7 46 40
1447 9/8/2015 29 15 21 46 36 18
1448 13/8/2015 16 10 14 24 3 6
1449 16/8/2015 11 8 44 10 46 35
1450 20/8/2015 26 41 38 18 4 36
1451 23/8/2015 16 28 17 43 20 36
1452 27/8/2015 23 5 26 42 17 34
1453 30/8/2015 44 48 1 34 2 25
1454 3/9/2015 15 10 26 9 6 47
1455 6/9/2015 38 3 12 16 28 18
1456 13/9/2015 22 21 18 17 41 8
1457 13/9/2015 28 40 3 17 34 49
1458 17/9/2015 32 3 28 14 8 29
1459 20/9/2015 48 34 20 27 47 2
1460 24/9/2015 49 31 38 44 14 10
1461 27/9/2015 26 1 32 18 12 7
1462 1/10/2015 11 2 38 32 41 30
1463 4/10/2015 31 1 36 39 24 14
1464 8/10/2015 33 18 6 42 37 35
1465 11/10/2015 30 44 27 29 28 45
1466 15/10/2015 14 45 46 9 22 8
1467 18/10/2015 10 17 47 11 12 23
1468 22/10/2015 44 3 24 1 49 2
1469 25/10/2015 31 9 7 17 10 47
1470 29/10/2015 2 12 26 19 37 25
1471 1/11/2015 11 21 20 8 41 34
1472 5/11/2015 45 41 47 42 40 10
1473 8/11/2015 13 16 32 7 10 36
1474 12/11/2015 44 2 13 39 12 19
1475 15/11/2015 29 10 2 30 3 18
1476 19/11/2015 31 3 10 47 25 8
1477 22/11/2015 14 43 23 21 33 16
1478 26/11/2015 21 46 26 32 3 35
1479 29/11/2015 5 28 26 35 12 47
1480 3/12/2015 10 13 37 44 14 46
1481 6/12/2015 26 49 9 20 48 6
1482 10/12/2015 41 1 20 46 36 14
1483 13/12/2015 32 25 11 21 14 38
1484 17/12/2015 46 26 11 19 28 6
1485 20/12/2015 8 18 44 27 2 13
1486 30/12/2015 8 35 4 28 40 22
1487 30/12/2015 10 15 18 47 34 48
1488 7/1/2016 34 26 36 29 11 25
1489 10/1/2016 41 16 14 8 29 47
1490 14/1/2016 45 41 38 46 23 33
1491 17/1/2016 21 20 9 5 2 14
1492 21/1/2016 17 13 5 1 20 9
1493 24/1/2016 43 39 4 28 20 5
1494 28/1/2016 11 35 13 1 33 14
1495 31/1/2016 28 6 49 18 9 36
1496 4/2/2016 42 47 44 45 6 24
1497 7/2/2016 36 29 4 1 45 42
1498 11/2/2016 32 40 9 31 21 28
1499 14/2/2016 23 46 8 11 48 13
1500 18/2/2016 33 5 4 18 16 8
1501 21/2/2016 47 21 1 40 31 39
1502 25/2/2016 15 34 31 37 6 24
1503 28/2/2016 25 4 19 41 20 36
1504 3/3/2016 16 38 19 27 41 45
1505 6/3/2016 41 14 49 25 2 44
1506 6/3/2016 29 8 2 34 46 37
1507 10/3/2016 26 28 44 46 3 45
1508 13/3/2016 3 21 45 19 4 29
1509 17/3/2016 40 13 45 9 43 41
1510 20/3/2016 4 5 30 23 36 1
1511 24/3/2016 15 21 24 47 16 18
1512 27/3/2016 2 3 24 40 6 43
1513 31/3/2016 21 11 44 43 32 5
1514 3/4/2016 36 6 34 13 47 49
1515 7/4/2016 20 26 39 25 14 21
1516 10/4/2016 35 42 17 41 28 33
1517 14/4/2016 9 44 5 16 31 10
1518 17/4/2016 9 15 12 27 44 46
1519 21/4/2016 18 47 5 14 46 6
1520 24/4/2016 6 15 42 43 45 32
1521 1/5/2016 16 40 9 36 37 43
1522 5/5/2016 39 5 19 13 15 32
1523 8/5/2016 48 17 34 25 14 5
1524 12/5/2016 3 37 6 22 2 10
1525 15/5/2016 24 4 42 25 37 20
1526 19/5/2016 24 7 34 2 9 37
1527 22/5/2016 30 13 1 42 34 19
1528 26/5/2016 1 43 21 45 26 20
1529 29/5/2016 11 48 3 19 10 5
1530 2/6/2016 13 27 37 8 23 12
1531 5/6/2016 39 7 4 13 36 22
1532 9/6/2016 30 42 44 18 10 31
1533 12/6/2016 27 20 25 46 22 11
1534 16/6/2016 30 16 4 9 13 2
1535 19/6/2016 25 35 30 4 11 14
1536 23/6/2016 24 7 46 35 3 27
1537 26/6/2016 24 43 1 25 46 22
1538 30/6/2016 1 27 34 49 14 6
1539 3/7/2016 42 25 38 22 27 15
1540 7/7/2016 15 31 26 4 42 17
1541 10/7/2016 9 38 45 21 20 5
1542 14/7/2016 22 31 34 47 10 49
1543 17/7/2016 12 26 9 45 4 47
1544 21/7/2016 2 41 42 6 39 12
1545 24/7/2016 24 16 28 21 6 33
1546 28/7/2016 42 44 10 3 33 27
1547 31/7/2016 38 32 31 49 3 4
1548 4/8/2016 16 42 2 6 46 30
1549 7/8/2016 7 5 36 41 4 32
1550 11/8/2016 14 4 19 49 34 38
1551 14/8/2016 47 3 49 6 7 24
1552 18/8/2016 6 44 1 4 19 8
1553 21/8/2016 38 17 5 11 36 13
1554 25/8/2016 6 11 25 9 12 1
1555 28/8/2016 48 6 4 30 13 26
1556 1/9/2016 19 26 45 25 22 3
1557 4/9/2016 41 13 21 43 45 28
1558 8/9/2016 40 39 14 46 7 41
1559 11/9/2016 34 21 25 14 46 43
1560 15/9/2016 22 18 5 28 29 15
1561 18/9/2016 18 19 35 23 45 13
1562 18/9/2016 22 47 15 14 41 2
1563 22/9/2016 33 25 30 17 13 31
1564 25/9/2016 11 25 43 42 30 23
1565 29/9/2016 32 43 40 44 2 26
1566 2/10/2016 27 23 2 44 48 38
1567 6/10/2016 21 10 40 23 3 38
1568 9/10/2016 9 10 27 5 38 33
1569 13/10/2016 16 7 26 25 31 13
1570 16/10/2016 19 42 22 18 43 20
1571 20/10/2016 11 36 7 31 19 12
1572 23/10/2016 12 31 46 17 6 5
1573 27/10/2016 6 35 3 1 43 42
1574 30/10/2016 16 37 7 33 28 36
1575 3/11/2016 7 19 22 6 5 45
1576 6/11/2016 15 11 41 14 9 42
1577 10/11/2016 35 44 17 10 22 18
1578 13/11/2016 21 35 46 20 5 31
1579 17/11/2016 17 42 39 30 36 4
1580 20/11/2016 2 42 1 44 19 8
1581 24/11/2016 17 15 19 11 7 9
1582 27/11/2016 29 32 43 30 21 4
1583 4/12/2016 34 23 1 18 5 11
1584 8/12/2016 38 9 24 10 7 4
1585 11/12/2016 36 18 41 24 23 10
1586 15/12/2016 49 4 44 37 7 31
1587 18/12/2016 17 3 38 44 20 40
1588 22/12/2016 4 18 32 21 17 34
1589 31/12/2016 23 22 43 8 9 27
1590 5/1/2017 25 49 42 29 5 24
1591 8/1/2017 16 5 18 28 43 30
1592 12/1/2017 16 30 1 23 20 8
1593 15/1/2017 7 30 16 39 23 5
1594 19/1/2017 23 45 12 25 2 10
1595 22/1/2017 24 16 38 27 11 3
1596 26/1/2017 33 27 2 40 42 20
1597 29/1/2017 38 27 49 17 13 44
1598 2/2/2017 40 6 27 5 25 49
1599 5/2/2017 25 10 34 15 36 39
1600 9/2/2017 20 37 8 31 27 9
1601 12/2/2017 7 5 8 25 37 6
1602 16/2/2017 22 17 4 42 30 3
1603 19/2/2017 37 30 27 38 17 45
1604 23/2/2017 18 23 36 7 47 8
1605 26/2/2017 22 31 30 4 42 39
1606 2/3/2017 24 38 48 11 12 29
1607 5/3/2017 43 14 49 23 3 6
1608 9/3/2017 29 43 33 10 27 36
1609 12/3/2017 20 39 3 5 49 41
1610 16/3/2017 48 30 46 13 21 29
1611 19/3/2017 40 45 38 8 11 34
1612 23/3/2017 11 35 39 4 2 1
1613 26/3/2017 1 29 41 39 18 46
1614 30/3/2017 23 31 20 19 38 7
1615 2/4/2017 48 21 12 9 5 46
1616 6/4/2017 22 20 2 36 1 8
1617 9/4/2017 41 32 21 5 4 16
1618 16/4/2017 8 30 37 11 21 45
1619 20/4/2017 1 21 18 6 31 3
1620 23/4/2017 13 45 42 14 48 41
1621 27/4/2017 49 2 19 44 9 35
1622 30/4/2017 5 40 8 12 38 16
1623 4/5/2017 13 25 22 15 34 11
1624 7/5/2017 18 13 21 4 16 11
1625 11/5/2017 1 32 34 49 24 17
1626 14/5/2017 1 38 25 2 11 6
1627 18/5/2017 47 13 6 3 32 17
1628 21/5/2017 17 32 39 48 43 41
1629 25/5/2017 4 20 15 2 10 19
1630 28/5/2017 11 13 2 43 12 39
1631 1/6/2017 48 30 19 38 36 29
1632 4/6/2017 39 19 14 12 26 16
1633 8/6/2017 7 6 16 26 18 9
1634 11/6/2017 8 49 38 17 33 28
1635 15/6/2017 20 15 4 39 46 3
1636 18/6/2017 38 3 48 30 1 12
1637 22/6/2017 2 40 22 44 42 30
1638 25/6/2017 9 28 12 46 8 19
1639 29/6/2017 33 31 28 4 5 26
1640 2/7/2017 11 32 28 37 36 48
1641 6/7/2017 15 17 21 49 30 25
1642 9/7/2017 26 30 8 24 35 23
1643 13/7/2017 49 4 26 32 27 43
1644 16/7/2017 16 15 5 22 7 40
1645 20/7/2017 7 14 44 27 45 4
1646 23/7/2017 4 38 39 11 15 36
1647 27/7/2017 47 16 11 38 10 26
1648 30/7/2017 25 48 28 38 1 24
1649 3/8/2017 14 16 44 2 27 9
1650 6/8/2017 25 7 9 37 43 29
1651 10/8/2017 16 14 7 47 21 27
1652 13/8/2017 38 3 28 31 32 18
1653 17/8/2017 48 27 29 23 8 20
1654 20/8/2017 48 46 5 30 19 32
1655 24/8/2017 26 16 37 36 13 22
1656 27/8/2017 48 17 43 2 13 15
1657 31/8/2017 18 11 24 39 12 34
1658 3/9/2017 23 24 8 45 40 35
1659 7/9/2017 15 36 20 24 2 6
1660 10/9/2017 20 25 45 48 37 21
1661 17/9/2017 21 30 39 46 3 9
1662 21/9/2017 4 32 36 8 1 24
1663 24/9/2017 32 5 4 49 44 12
1664 28/9/2017 3 6 37 7 48 28
1665 1/10/2017 21 38 7 6 49 13
1666 5/10/2017 30 6 17 41 4 28
1667 8/10/2017 5 15 28 41 32 7
1668 12/10/2017 44 35 36 19 21 42
1669 15/10/2017 46 22 47 43 27 28
1670 19/10/2017 8 32 11 19 29 17
1671 22/10/2017 2 28 41 27 26 3
1672 26/10/2017 10 21 24 22 37 23
1673 29/10/2017 18 37 27 10 44 5
1674 2/11/2017 49 21 24 28 39 16
1675 5/11/2017 13 3 18 12 21 45
1676 9/11/2017 23 47 28 7 39 9
1677 12/11/2017 19 12 32 7 33 17
1678 16/11/2017 21 5 44 48 11 49
1679 19/11/2017 8 15 30 42 39 35
1680 23/11/2017 30 10 11 45 15 37
1681 26/11/2017 37 11 35 27 12 4
1682 30/11/2017 17 15 41 39 45 40
1683 3/12/2017 42 20 5 4 23 38
1684 7/12/2017 32 14 37 40 47 49
1685 10/12/2017 38 49 10 1 46 22
1686 14/12/2017 40 2 45 13 11 5
1687 17/12/2017 34 30 47 46 45 26
1688 21/12/2017 19 46 30 33 36 17
1689 24/12/2017 18 33 17 12 44 28
1690 31/12/2017 43 36 2 42 32 28
1691 4/1/2018 8 27 47 2 25 3
1692 7/1/2018 4 12 5 19 33 2
1693 11/1/2018 35 20 10 31 3 32
1694 14/1/2018 16 36 34 30 43 27
1695 18/1/2018 1 49 21 34 2 12
1696 21/1/2018 47 35 17 33 23 11
1697 25/1/2018 48 10 17 31 25 29
1698 28/1/2018 18 34 5 28 33 2
1699 1/2/2018 37 34 27 46 4 28
1700 4/2/2018 37 17 26 39 35 4
1701 8/2/2018 3 29 23 40 39 9
1702 11/2/2018 5 14 30 34 22 18
1703 15/2/2018 30 33 5 2 34 19
1704 18/2/2018 21 12 42 8 37 2
1705 22/2/2018 47 8 35 18 26 2
1706 25/2/2018 3 1 47 19 28 34
1707 1/3/2018 6 11 39 43 33 9
1708 4/3/2018 17 40 3 31 19 41
1709 8/3/2018 12 4 24 42 31 2
1710 11/3/2018 27 43 48 29 35 1
1711 15/3/2018 34 19 3 20 10 17
1712 18/3/2018 9 37 41 33 47 25
1713 22/3/2018 4 15 48 2 23 20
1714 25/3/2018 2 39 12 36 34 20
1715 29/3/2018 23 35 31 5 6 43
1716 1/4/2018 12 23 20 11 42 18
1717 8/4/2018 31 9 18 29 32 21
1718 12/4/2018 2 24 43 49 16 40
1719 15/4/2018 15 9 31 21 13 4
1720 19/4/2018 4 21 22 27 24 37
1721 22/4/2018 14 18 39 21 45 29
1722 26/4/2018 14 18 19 24 33 6
1723 29/4/2018 30 49 14 46 37 32
1724 3/5/2018 29 37 44 3 9 6
1725 6/5/2018 35 16 25 9 23 49
1726 10/5/2018 1 20 39 21 43 44
1727 13/5/2018 33 9 17 49 11 34
1728 17/5/2018 24 34 17 8 5 20
1729 20/5/2018 12 16 33 45 3 10
1730 24/5/2018 1 14 38 47 33 7
1731 27/5/2018 2 27 14 45 7 46
1732 31/5/2018 24 33 19 28 35 4
1733 3/6/2018 1 11 47 22 36 46
1734 7/6/2018 43 4 38 25 16 46
1735 10/6/2018 47 21 25 22 40 42
1736 14/6/2018 6 23 3 35 32 44
1737 17/6/2018 3 19 20 23 17 37
1738 21/6/2018 30 31 19 49 17 34
1739 24/6/2018 24 49 42 3 21 41
1740 28/6/2018 49 23 25 24 41 4
1741 1/7/2018 19 43 20 18 5 11
1742 5/7/2018 28 5 44 10 26 38
1743 8/7/2018 25 36 31 8 7 40
1744 12/7/2018 2 42 29 39 40 44
1745 15/7/2018 3 29 46 32 23 27
1746 19/7/2018 23 49 5 2 41 16
1747 22/7/2018 4 48 39 44 24 9
1748 26/7/2018 6 12 44 27 4 30
1749 29/7/2018 38 9 14 45 31 23
1750 2/8/2018 21 9 8 22 40 27
1751 5/8/2018 2 31 43 24 40 19
1752 9/8/2018 41 42 25 28 38 30
1753 12/8/2018 3 23 16 12 10 45
1754 16/8/2018 5 16 37 32 3 10
1755 19/8/2018 31 15 24 18 33 35
1756 23/8/2018 37 14 47 28 39 4
1757 26/8/2018 19 43 26 27 14 38
1758 30/8/2018 29 27 12 25 7 39
1759 2/9/2018 45 43 28 14 18 4
1760 6/9/2018 48 26 13 28 7 22
1761 9/9/2018 44 16 27 48 9 19
1762 13/9/2018 42 20 3 34 31 13
1763 16/9/2018 33 22 37 36 42 29
1764 20/9/2018 42 35 33 39 25 7
1765 23/9/2018 34 23 15 47 4 14
1766 27/9/2018 29 11 4 45 33 28
1767 30/9/2018 3 5 41 44 38 32
1768 4/10/2018 34 26 12 32 7 42
1769 7/10/2018 21 12 40 44 33 1
1770 11/10/2018 6 11 33 19 23 8
1771 14/10/2018 24 45 2 49 19 47
1772 18/10/2018 34 27 32 10 13 11
1773 21/10/2018 7 6 22 21 43 23
1774 25/10/2018 42 33 45 5 15 16
1775 28/10/2018 24 10 4 48 33 43
1776 1/11/2018 34 19 7 43 9 28
1777 4/11/2018 40 34 22 36 32 41
1778 8/11/2018 42 19 10 37 21 45
1779 11/11/2018 10 23 30 21 7 39
1780 15/11/2018 28 7 48 14 22 17
1781 18/11/2018 48 23 15 37 35 28
1782 22/11/2018 20 15 18 7 28 23
1783 25/11/2018 22 7 2 40 14 30
1784 29/11/2018 3 12 27 18 9 4
1785 29/11/2018 03 12 27 18 9 4
1786 2/12/2018 39 46 15 11 7 25
1787 6/12/2018 19 14 7 34 20 41
1788 9/12/2018 22 23 24 9 47 33
1789 13/12/2018 32 41 43 25 1 19
1790 16/12/2018 47 33 34 16 44 27
1791 20/12/2018 24 44 13 23 32 41
1792 23/12/2018 26 41 24 25 23 36
1793 31/12/2018 11 12 15 30 8 4
1794 6/1/2019 7 45 30 17 6 26
1795 10/1/2019 8 15 31 45 26 32
1796 13/1/2019 22 14 17 33 7 9
1797 17/1/2019 7 45 36 15 40 34
1798 20/1/2019 35 15 26 17 46 21
1799 24/1/2019 39 43 17 8 6 7
1800 27/1/2019 26 7 4 42 48 6
1801 31/1/2019 30 7 23 12 28 27
1802 3/2/2019 35 48 18 34 49 29
1803 7/2/2019 30 26 25 48 32 1
1804 10/2/2019 12 45 48 38 24 5
1805 14/2/2019 31 49 2 46 20 3
1806 17/2/2019 13 45 28 17 12 47
1807 21/2/2019 26 33 11 9 24 20
1808 24/2/2019 2 3 49 25 31 17
1809 28/2/2019 30 21 41 32 45 3
1810 3/3/2019 26 42 24 20 36 33
1811 7/3/2019 20 16 18 23 15 26
1812 10/3/2019 4 20 1 10 5 42
1813 14/3/2019 37 39 2 32 25 23
1814 17/3/2019 1 36 40 21 4 39
1815 21/3/2019 30 10 5 27 8 28
1816 24/3/2019 13 45 49 26 18 28
1817 28/3/2019 38 6 45 36 47 11
1818 31/3/2019 14 13 19 12 21 25
1819 4/4/2019 44 29 46 6 1 28
1820 7/4/2019 4 2 8 5 25 14
1821 11/4/2019 8 10 4 49 45 27
1822 14/4/2019 12 44 4 36 31 39
1823 18/4/2019 8 6 33 31 42 13
1824 21/4/2019 26 23 47 21 35 24
1825 27/4/2019 15 8 1 29 5 43
1826 2/5/2019 48 7 34 40 33 46
1827 5/5/2019 42 28 13 6 19 48
1828 9/5/2019 13 32 15 43 18 20
1829 12/5/2019 27 6 11 44 42 24
1830 16/5/2019 12 46 42 20 17 2
1831 19/5/2019 43 26 15 11 24 25
1832 23/5/2019 5 47 38 39 31 22
1833 26/5/2019 16 43 48 14 19 26
1834 30/5/2019 1 13 29 6 3 22
1835 2/6/2019 18 9 26 34 49 11
1836 6/6/2019 40 24 37 2 11 12
1837 9/6/2019 25 30 2 49 15 31
1838 13/6/2019 33 46 4 36 32 47
1839 16/6/2019 22 42 41 30 34 8
1840 20/6/2019 14 48 32 11 35 13
1841 23/6/2019 5 1 11 45 36 8
1842 27/6/2019 12 28 5 34 21 16
1843 30/6/2019 3 47 31 25 22 21
1844 4/7/2019 6 40 22 32 31 12
1845 7/7/2019 8 40 16 4 48 2
1846 11/7/2019 42 28 31 3 23 38
1847 14/7/2019 15 21 28 38 26 13
1848 18/7/2019 41 16 27 24 4 37
1849 21/7/2019 1 40 27 35 28 37
1850 25/7/2019 32 7 40 1 37 11
1851 28/7/2019 32 40 20 35 4 23
1852 1/8/2019 6 3 48 25 2 47
1853 4/8/2019 22 26 42 6 7 24
1854 8/8/2019 22 30 31 29 10 4
1855 11/8/2019 25 45 44 37 27 42
1856 15/8/2019 6 7 9 37 30 31
1857 18/8/2019 5 40 24 20 8 27
1858 22/8/2019 39 8 24 46 33 47
1859 25/8/2019 36 29 2 28 16 34
1860 29/8/2019 25 1 13 34 28 30
1861 1/9/2019 36 19 38 44 6 20
1862 5/9/2019 21 40 3 13 30 6
1863 8/9/2019 43 4 48 29 44 23
1864 12/9/2019 8 10 30 26 42 6
1865 15/9/2019 27 45 25 8 10 39
1866 19/9/2019 5 27 43 18 47 19
1867 22/9/2019 25 24 27 17 29 20
1868 26/9/2019 22 37 27 45 43 40
1869 29/9/2019 14 26 48 43 40 10
1870 3/10/2019 36 7 11 15 48 8
1871 6/10/2019 10 29 6 19 38 45
1872 10/10/2019 21 41 49 30 31 2
1873 13/10/2019 42 23 35 44 32 1
1874 17/10/2019 21 41 15 5 6 45
1875 20/10/2019 32 36 47 49 18 7
1876 24/10/2019 49 6 27 20 26 28
1877 27/10/2019 44 9 41 1 49 5
1878 31/10/2019 38 22 27 24 30 21
1879 3/11/2019 39 48 1 43 40 31
1880 7/11/2019 6 19 44 33 37 2
1881 10/11/2019 10 36 23 12 28 46
1882 14/11/2019 27 17 30 8 13 16
1883 17/11/2019 11 17 15 49 33 6
1884 21/11/2019 4 42 46 43 5 35
1885 24/11/2019 13 37 44 25 21 49
1886 28/11/2019 40 4 8 10 1 12
1887 1/12/2019 40 22 5 33 2 32
1888 5/12/2019 28 36 33 22 43 37
1889 8/12/2019 43 45 34 27 12 23
1890 12/12/2019 17 2 47 40 22 19
1891 15/12/2019 34 41 3 12 16 2
1892 19/12/2019 8 5 16 26 31 17
1893 22/12/2019 9 39 16 3 44 24
1894 31/12/2019 25 16 5 46 35 6
1895 5/1/2020 20 27 26 28 41 3
1896 9/1/2020 30 40 39 36 18 19
1897 12/1/2020 45 4 8 44 27 9
1898 16/1/2020 26 17 19 30 20 23
1899 19/1/2020 28 11 9 24 47 3
1900 23/1/2020 39 13 1 24 32 42
1901 26/1/2020 9 23 28 35 18 45
1902 30/1/2020 44 41 16 13 15 31
1903 2/2/2020 7 16 18 8 33 14
1904 6/2/2020 45 31 13 30 18 4
1905 9/2/2020 44 6 3 11 15 33
1906 13/2/2020 4 25 28 48 38 9
1907 16/2/2020 43 20 12 40 46 13
1908 20/2/2020 28 6 12 16 34 31
1909 23/2/2020 39 38 43 40 48 20
1910 27/2/2020 2 26 20 5 14 42
1911 1/3/2020 9 49 25 36 38 24
1912 5/3/2020 21 39 16 6 25 10
1913 8/3/2020 3 6 39 45 26 21
1914 12/3/2020 27 26 15 10 48 23
1915 15/3/2020 35 36 32 40 23 4
1916 19/3/2020 4 8 49 42 11 9
1917 21/6/2020 2 45 8 22 18 27
1918 25/6/2020 29 39 40 42 10 14
1919 28/6/2020 35 13 33 27 16 5
1920 2/7/2020 27 34 37 8 1 22
1921 5/7/2020 27 13 41 7 1 16
1922 9/7/2020 20 37 26 31 36 17
1923 12/7/2020 23 43 30 44 26 10
1924 16/7/2020 21 47 46 36 23 13
1925 19/7/2020 36 43 47 11 2 33
1926 23/7/2020 25 7 11 6 15 34
1927 26/7/2020 18 13 19 5 29 8
1928 30/7/2020 3 38 34 17 12 5
1929 2/8/2020 47 30 5 28 48 12
1930 6/8/2020 8 47 3 13 14 23
1931 9/8/2020 29 36 13 17 27 46
1932 13/8/2020 12 38 27 35 30 6
1933 16/8/2020 47 11 17 35 3 29
1934 20/8/2020 40 27 26 30 12 11
1935 23/8/2020 47 4 18 20 2 6
1936 27/8/2020 26 39 17 10 43 19
1937 30/8/2020 49 1 14 45 18 42
1938 3/9/2020 29 48 34 12 36 8
1939 6/9/2020 34 9 46 37 3 2
1940 10/9/2020 28 9 18 3 43 37
1941 13/9/2020 41 39 33 3 16 9
1942 17/9/2020 8 12 47 40 6 30
1943 20/9/2020 34 4 2 3 35 46
1944 24/9/2020 2 42 39 22 34 43
1945 27/9/2020 9 23 45 21 13 4
1946 1/10/2020 23 15 11 47 35 29
1947 4/10/2020 48 9 1 30 5 14
1948 8/10/2020 4 39 27 23 1 15
1949 11/10/2020 10 33 6 4 7 36
1950 15/10/2020 25 1 13 23 37 7
1951 18/10/2020 48 10 36 2 27 23
1952 22/10/2020 36 33 30 4 17 25
1953 25/10/2020 36 35 3 24 31 8
1954 29/10/2020 4 18 31 8 38 42
1955 1/11/2020 33 24 4 40 12 18
1956 5/11/2020 4 34 12 25 40 1
1957 8/11/2020 46 18 20 14 48 5
1958 12/11/2020 38 14 5 21 31 12
1959 15/11/2020 16 48 17 46 22 10
1960 19/11/2020 23 3 34 27 42 39
1961 22/11/2020 43 1 13 25 12 19
1962 26/11/2020 44 3 35 13 28 25
1963 29/11/2020 17 43 25 21 8 10
1964 3/12/2020 3 24 4 37 44 9
1965 6/12/2020 13 37 26 17 28 16
1966 10/12/2020 20 27 30 31 49 39
1967 13/12/2020 15 23 8 36 5 47
1968 17/12/2020 12 49 38 39 45 29
1969 20/12/2020 46 27 44 5 16 42
1970 24/12/2020 43 20 2 8 31 30
1971 31/12/2020 25 38 41 1 10 36
1972 31/12/2020 28 18 48 40 45 31